20 
49 11175
66 12681
3 63797
41 91001
39 99768
61 105271
79 108717
13 117666
4 129101
83 131471
77 150284
25 180402
25 182935
90 195073
6 196382
79 201018
41 204009
77 213079
77 213096
32 248985
20 
10 1
11175 49 17
13 1
12681 66 136
97 1
63797 3 221
135 1
91001 41 34
157 1
99768 39 90
164 1
105271 61 23
165 1
108717 79 193
178 1
117666 13 121
197 1
129101 4 51
205 1
131471 83 126
225 1
150284 77 230
260 1
180402 25 186
265 1
182935 25 221
297 1
195073 90 127
300 1
196382 6 6
308 1
201018 79 75
315 1
204009 41 236
327 1
213079 77 57
328 1
213096 77 57
350 1
248985 32 73
75373 
17 
3 11312
3 12256
68 14433
14 25319
14 30051
31 35126
4 37400
48 39325
78 40069
34 50706
72 55272
88 56837
72 78965
5 105624
25 114532
76 125506
41 156232
17 
27 1
11312 3 131
29 1
12256 3 104
35 1
14433 68 113
60 1
25319 14 126
74 1
30051 14 14
87 1
35126 31 160
91 1
37400 4 28
96 1
39325 48 142
99 1
40069 78 9
115 1
50706 34 201
127 1
55272 72 159
129 1
56837 88 159
171 1
78965 72 152
216 1
105624 5 22
224 1
114532 25 82
230 1
125506 76 112
239 1
156232 41 86
56558 
25 
36 24822
61 31928
71 31935
71 32994
40 34661
17 45114
16 46077
36 53419
34 100271
60 108542
71 109646
45 142627
47 143707
9 144719
60 150529
90 158257
54 174081
81 195648
56 209603
40 233081
85 235951
81 247085
40 269976
82 285084
80 300640
25 
19 1
24822 36 198
37 1
31928 61 191
38 1
31935 71 104
39 1
32994 71 107
43 1
34661 40 94
50 1
45114 17 195
52 1
46077 16 121
62 1
53419 36 174
111 1
100271 34 164
126 1
108542 60 116
127 1
109646 71 184
160 1
142627 45 53
163 1
143707 47 143
166 1
144719 9 177
173 1
150529 60 63
177 1
158257 90 37
191 1
174081 54 196
202 1
195648 81 8
217 1
209603 56 48
225 1
233081 40 224
230 1
235951 85 75
244 1
247085 81 31
258 1
269976 40 165
270 1
285084 82 26
274 1
300640 80 7
100792 
