613 
4 29736
4 29736
460 35119
276 49741
559 69530
78 71380
253 78160
280 79944
280 80414
184 85969
611 86143
483 86773
319 87475
599 88354
332 88831
465 88909
545 89005
313 89814
259 94411
236 95881
360 96738
49 104365
49 104365
505 105410
99 108494
169 109177
304 109279
458 109666
385 111433
346 112148
346 112156
565 112360
99 112763
354 113531
515 113878
315 115010
249 115261
583 118976
583 119077
583 119077
380 119792
115 120570
7 120854
451 121293
451 121293
242 123006
483 123030
531 124600
278 125422
288 125439
541 125879
507 126866
364 127734
447 134403
236 140583
193 144665
266 145185
340 145390
242 146195
284 149143
5 152998
133 160826
106 162887
570 164417
569 165522
106 166038
106 166038
346 168473
515 170041
321 171538
363 172285
319 172305
364 172925
364 173173
581 173896
581 173896
591 177598
591 177757
84 178276
609 179352
609 179352
609 179352
99 180726
75 182836
234 186034
531 186872
172 191898
351 192172
354 195340
346 199371
378 200806
210 200991
29 203929
394 206125
588 207160
348 209254
163 209456
163 209470
348 209517
84 210002
507 211059
163 211717
437 213293
280 213307
386 214674
453 216967
276 217039
69 217408
425 217853
457 217919
343 218553
583 218653
190 219180
10 219264
285 219988
285 219988
403 220141
254 220155
84 220958
413 223955
242 226215
242 226338
385 227058
583 227102
532 228017
375 228415
375 228415
349 229428
583 230924
413 231569
583 231807
465 233219
465 233219
163 234153
193 237685
99 237803
106 239470
629 240162
629 240162
605 240313
360 242176
384 242934
313 244116
515 244634
249 244678
451 244740
483 244924
325 244954
483 246452
84 247171
220 247226
583 247836
70 249782
318 250381
318 250381
565 255725
364 257138
364 257169
445 258369
366 258796
581 260811
53 261346
364 261352
242 262494
242 262494
242 262821
380 263717
447 263892
310 264259
443 264668
190 264858
190 264986
133 265004
476 266204
478 266255
476 266313
57 266689
190 267226
84 268598
117 269886
5 270410
264 273223
558 281280
57 286239
7 288074
55 288130
569 288720
66 291153
570 294308
581 294827
210 295798
574 296023
169 297275
193 299435
280 304303
280 304303
7 312731
394 313412
29 313941
605 315732
72 318011
382 320532
354 322856
478 326580
162 326692
515 328216
294 328992
354 337137
394 338004
384 338492
191 339770
358 340172
115 340277
115 340277
476 344834
420 348544
171 348891
382 351219
346 351850
516 353478
171 353984
583 354126
530 354178
134 354357
583 354408
280 355806
280 355827
37 356660
264 358163
264 358202
259 361241
462 361830
280 364193
259 366441
168 369742
233 371074
397 378443
293 379823
394 379896
228 380491
413 382805
413 382805
413 382882
421 383341
249 383424
280 384254
613 384328
133 384940
86 385271
399 386434
557 387026
142 390903
413 392157
163 393748
236 394725
263 395719
263 395719
263 395719
263 395979
394 396013
394 396540
613 399045
364 407283
49 408295
106 408299
231 408878
260 415209
450 415950
544 417468
544 417468
354 417528
253 419217
581 419798
505 421399
502 425034
72 426031
83 429085
168 429920
591 435127
444 441541
565 450027
412 450524
404 462996
48 471555
248 472047
505 472132
505 472255
29 472925
168 476735
408 476893
319 478480
615 479317
408 483884
281 483967
434 492110
434 492227
49 497019
293 499324
234 500693
629 503002
385 503976
559 504038
581 504625
446 505103
78 505241
457 505301
457 505455
260 505457
260 505457
260 505476
505 506813
451 509098
341 509361
46 509756
69 510573
507 510936
346 512318
106 514743
375 520826
375 520914
78 521627
606 522519
81 523047
324 523197
375 527829
380 530111
515 530200
629 531713
59 531727
59 531727
259 534083
259 538516
88 539216
88 539216
465 539330
476 540592
465 543766
465 543900
324 544613
276 545341
348 548431
483 548604
507 549150
343 550154
549 551713
259 552234
575 552317
613 552733
73 556892
605 557710
483 557977
605 558770
35 559451
159 560166
364 563873
243 565301
483 565351
536 566813
515 567070
443 567834
443 567834
443 567836
270 569212
105 571227
591 571548
275 575983
168 576333
168 576333
26 576351
413 577080
515 577944
545 579456
545 579526
351 581011
512 582891
280 585732
210 587025
285 589259
387 589910
196 590207
168 590894
78 590978
168 591114
168 591114
106 591655
106 591786
507 592492
564 592629
193 594361
297 596525
297 596559
297 596559
163 599306
163 599306
77 600384
465 600918
541 601726
115 601863
359 603373
359 603373
106 603965
348 604875
591 605011
465 605616
465 606288
465 606288
530 607849
190 610946
249 611074
78 614211
443 616448
607 616582
280 623439
495 625007
385 627016
195 628103
118 629487
413 631008
413 631242
413 631242
541 633297
343 634209
434 636641
434 636641
5 637165
5 637165
507 639364
507 639364
259 639663
259 642703
49 646655
515 653084
394 654341
545 655711
285 657346
35 660433
569 665111
210 667159
280 669200
382 672524
236 673503
259 675042
253 679491
545 680505
441 680862
570 681281
236 683583
210 685903
166 689651
163 690271
216 690581
386 692679
335 695930
502 700464
504 701317
99 703364
327 703593
570 704216
570 704710
451 707233
236 707405
468 712715
420 715810
259 716506
356 716520
375 717267
450 718225
126 719105
516 719539
203 723120
457 723444
259 723550
483 724215
387 726506
505 728103
78 729577
78 729577
78 729577
293 729616
609 729663
356 730547
566 731586
313 731917
419 732701
419 732951
419 732951
531 733239
272 733440
583 733719
552 734508
169 735763
515 737580
515 737644
444 738033
140 740512
515 740559
171 741169
249 743597
354 745082
285 748256
167 749457
315 751059
249 752160
190 756068
564 756701
78 759087
222 760718
253 762107
210 763598
168 763777
505 766637
496 767707
505 768351
502 768742
276 769699
276 769974
276 769974
313 770203
266 773648
545 773734
447 774422
65 776015
113 778475
483 780465
545 780812
49 783861
324 786866
434 787659
351 788278
351 788278
99 789209
343 789730
343 789730
284 791580
444 794621
552 796028
581 798414
313 798501
516 798993
609 801507
306 804464
306 804698
166 807443
29 812111
409 812702
124 818208
276 818227
57 819263
259 821445
55 821580
253 822213
106 822938
455 825337
210 827084
443 827707
264 831423
276 833202
313 834004
210 834710
193 835190
346 836062
249 837643
330 838539
310 840019
143 841968
465 843005
583 843093
583 843120
181 843157
465 843171
209 843631
453 845462
453 845468
629 846578
35 846900
35 846900
78 846992
280 847683
343 848376
343 848376
66 849908
343 853836
343 855360
236 857597
191 858443
360 859560
351 860116
581 860192
89 861763
89 861763
89 861763
394 862439
419 863836
578 864294
544 865311
297 865510
483 868439
89 870181
502 874677
303 888724
78 894675
172 896881
9 897016
437 897135
437 897135
385 897641
496 898768
253 899317
193 901871
605 903076
293 903845
280 911802
72 933475
613 
42 1
29736 4 55
43 1
29736 4 55
52 1
35119 460 386
82 1
49741 276 304
119 1
69530 559 272
126 1
71380 78 250
142 1
78160 253 81
148 1
79944 280 37
150 1
80414 280 107
170 1
85969 184 366
171 1
86143 611 366
173 1
86773 483 173
175 1
87475 319 307
177 1
88354 599 141
179 1
88831 332 141
181 1
88909 465 254
182 1
89005 545 193
189 1
89814 313 213
203 1
94411 259 500
209 1
95881 236 393
217 1
96738 360 414
245 1
104365 49 37
246 1
104365 49 37
257 1
105410 505 59
283 1
108494 99 452
285 1
109177 169 413
286 1
109279 304 299
289 1
109666 458 379
296 1
111433 385 282
303 1
112148 346 358
304 1
112156 346 358
307 1
112360 565 146
309 1
112763 99 298
312 1
113531 354 401
319 1
113878 515 402
324 1
115010 315 207
328 1
115261 249 189
355 1
118976 583 270
356 1
119077 583 270
357 1
119077 583 270
362 1
119792 380 472
367 1
120570 115 92
372 1
120854 7 349
374 1
121293 451 174
375 1
121293 451 174
384 1
123006 242 115
385 1
123030 483 332
390 1
124600 531 471
394 1
125422 278 154
395 1
125439 288 396
396 1
125879 541 22
403 1
126866 507 53
405 1
127734 364 393
428 1
134403 447 192
444 1
140583 236 163
457 1
144665 193 290
459 1
145185 266 161
460 1
145390 340 295
461 1
146195 242 250
464 1
149143 284 451
475 1
152998 5 174
500 1
160826 133 303
502 1
162887 106 155
505 1
164417 570 308
510 1
165522 569 67
511 1
166038 106 235
512 1
166038 106 235
525 1
168473 346 312
529 1
170041 515 199
536 1
171538 321 128
538 1
172285 363 338
539 1
172305 319 338
541 1
172925 364 97
544 1
173173 364 97
545 1
173896 581 192
546 1
173896 581 192
555 1
177598 591 224
558 1
177757 591 224
559 1
178276 84 491
562 1
179352 609 497
563 1
179352 609 497
564 1
179352 609 497
569 1
180726 99 234
583 1
182836 75 374
594 1
186034 234 422
600 1
186872 531 338
612 1
191898 172 380
613 1
192172 351 51
626 1
195340 354 210
642 1
199371 346 144
653 1
200806 378 150
656 1
200991 210 235
672 1
203929 29 377
679 1
206125 394 228
687 1
207160 588 283
695 1
209254 348 439
700 1
209456 163 336
701 1
209470 163 336
702 1
209517 348 439
704 1
210002 84 95
709 1
211059 507 303
711 1
211717 163 325
723 1
213293 437 73
724 1
213307 280 16
733 1
214674 386 107
746 1
216967 453 234
748 1
217039 276 41
750 1
217408 69 197
755 1
217853 425 107
756 1
217919 457 107
757 1
218553 343 223
758 1
218653 583 40
761 1
219180 190 40
764 1
219264 10 270
768 1
219988 285 357
769 1
219988 285 357
772 1
220141 403 357
774 1
220155 254 298
779 1
220958 84 493
789 1
223955 413 175
792 1
226215 242 304
794 1
226338 242 304
798 1
227058 385 104
799 1
227102 583 218
807 1
228017 532 78
808 1
228415 375 199
809 1
228415 375 199
814 1
229428 349 322
820 1
230924 583 6
823 1
231569 413 342
826 1
231807 583 302
841 1
233219 465 375
842 1
233219 465 375
846 1
234153 163 220
863 1
237685 193 250
864 1
237803 99 321
872 1
239470 106 447
879 1
240162 629 342
880 1
240162 629 342
883 1
240313 605 306
890 1
242176 360 361
894 1
242934 384 227
901 1
244116 313 351
902 1
244634 515 227
903 1
244678 249 79
906 1
244740 451 360
907 1
244924 483 44
909 1
244954 325 79
914 1
246452 483 34
918 1
247171 84 232
922 1
247226 220 232
924 1
247836 583 259
936 1
249782 70 83
938 1
250381 318 329
939 1
250381 318 329
957 1
255725 565 298
963 1
257138 364 388
964 1
257169 364 388
966 1
258369 445 347
968 1
258796 366 134
972 1
260811 581 1
975 1
261346 53 282
976 1
261352 364 158
977 1
262494 242 196
978 1
262494 242 196
981 1
262821 242 196
990 1
263717 380 132
991 1
263892 447 392
993 1
264259 310 459
994 1
264668 443 483
995 1
264858 190 505
996 1
264986 190 505
997 1
265004 133 376
999 1
266204 476 126
1000 1
266255 478 505
1003 1
266313 476 126
1004 1
266689 57 318
1005 1
267226 190 216
1009 1
268598 84 117
1013 1
269886 117 330
1016 1
270410 5 110
1023 1
273223 264 476
1049 1
281280 558 394
1061 1
286239 57 192
1069 1
288074 7 84
1071 1
288130 55 209
1073 1
288720 569 405
1081 1
291153 66 446
1092 1
294308 570 326
1094 1
294827 581 220
1098 1
295798 210 47
1099 1
296023 574 475
1100 1
297275 169 357
1105 1
299435 193 418
1124 1
304303 280 37
1125 1
304303 280 37
1146 1
312731 7 288
1148 1
313412 394 487
1151 1
313941 29 292
1157 1
315732 605 455
1169 1
318011 72 74
1181 1
320532 382 386
1190 1
322856 354 307
1196 1
326580 478 60
1197 1
326692 162 60
1208 1
328216 515 179
1211 1
328992 294 17
1248 1
337137 354 5
1251 1
338004 394 470
1253 1
338492 384 282
1261 1
339770 191 156
1262 1
340172 358 156
1263 1
340277 115 243
1264 1
340277 115 243
1275 1
344834 476 60
1285 1
348544 420 273
1287 1
348891 171 475
1295 1
351219 382 57
1298 1
351850 346 297
1311 1
353478 516 271
1316 1
353984 171 432
1319 1
354126 583 385
1321 1
354178 530 432
1322 1
354357 134 432
1324 1
354408 583 385
1329 1
355806 280 260
1332 1
355827 280 260
1336 1
356660 37 428
1343 1
358163 264 329
1344 1
358202 264 329
1357 1
361241 259 275
1359 1
361830 462 446
1369 1
364193 280 426
1374 1
366441 259 275
1382 1
369742 168 280
1384 1
371074 233 280
1406 1
378443 397 435
1412 1
379823 293 317
1413 1
379896 394 346
1414 1
380491 228 129
1419 1
382805 413 241
1420 1
382805 413 241
1421 1
382882 413 241
1422 1
383341 421 416
1424 1
383424 249 126
1428 1
384254 280 345
1430 1
384328 613 205
1433 1
384940 133 307
1435 1
385271 86 140
1439 1
386434 399 51
1442 1
387026 557 266
1447 1
390903 142 34
1452 1
392157 413 61
1459 1
393748 163 197
1464 1
394725 236 254
1468 1
395719 263 458
1470 1
395719 263 458
1471 1
395719 263 458
1472 1
395979 263 458
1473 1
396013 394 470
1474 1
396540 394 470
1484 1
399045 613 321
1505 1
407283 364 333
1508 1
408295 49 327
1509 1
408299 106 490
1510 1
408878 231 490
1530 1
415209 260 481
1533 1
415950 450 363
1536 1
417468 544 293
1537 1
417468 544 293
1538 1
417528 354 316
1543 1
419217 253 441
1549 1
419798 581 410
1556 1
421399 505 286
1575 1
425034 502 342
1580 1
426031 72 374
1597 1
429085 83 371
1599 1
429920 168 400
1606 1
435127 591 76
1618 1
441541 444 425
1636 1
450027 565 440
1638 1
450524 412 440
1664 1
462996 404 23
1692 1
471555 48 402
1693 1
472047 248 402
1696 1
472132 505 311
1697 1
472255 505 311
1699 1
472925 29 293
1709 1
476735 168 464
1712 1
476893 408 183
1721 1
478480 319 416
1726 1
479317 615 232
1742 1
483884 408 439
1743 1
483967 281 428
1750 1
492110 434 427
1751 1
492227 434 427
1759 1
497019 49 421
1770 1
499324 293 90
1774 1
500693 234 502
1780 1
503002 629 492
1786 1
503976 385 274
1788 1
504038 559 169
1789 1
504625 581 1
1791 1
505103 446 1
1792 1
505241 78 169
1795 1
505301 457 45
1796 1
505455 457 45
1797 1
505457 260 377
1798 1
505457 260 377
1799 1
505476 260 377
1803 1
506813 505 135
1813 1
509098 451 501
1815 1
509361 341 28
1816 1
509756 46 82
1819 1
510573 69 350
1820 1
510936 507 480
1822 1
512318 346 119
1838 1
514743 106 503
1852 1
520826 375 63
1854 1
520914 375 63
1855 1
521627 78 117
1857 1
522519 606 437
1858 1
523047 81 297
1859 1
523197 324 200
1878 1
527829 375 199
1887 1
530111 380 25
1888 1
530200 515 421
1893 1
531713 629 12
1894 1
531727 59 302
1895 1
531727 59 302
1899 1
534083 259 358
1913 1
538516 259 234
1916 1
539216 88 496
1917 1
539216 88 496
1918 1
539330 465 496
1925 1
540592 476 118
1931 1
543766 465 284
1932 1
543900 465 284
1934 1
544613 324 158
1939 1
545341 276 109
1952 1
548431 348 274
1955 1
548604 483 100
1956 1
549150 507 246
1963 1
550154 343 142
1974 1
551713 549 163
1976 1
552234 259 217
1977 1
552317 575 479
1981 1
552733 613 479
1991 1
556892 73 452
1997 1
557710 605 25
2000 1
557977 483 179
2003 1
558770 605 400
2007 1
559451 35 364
2008 1
560166 159 460
2022 1
563873 364 471
2023 1
565301 243 382
2025 1
565351 483 304
2031 1
566813 536 304
2032 1
567070 515 273
2035 1
567834 443 329
2036 1
567834 443 329
2038 1
567836 443 329
2041 1
569212 270 260
2047 1
571227 105 163
2048 1
571548 591 284
2055 1
575983 275 286
2058 1
576333 168 92
2059 1
576333 168 92
2060 1
576351 26 369
2064 1
577080 413 257
2067 1
577944 515 387
2074 1
579456 545 48
2076 1
579526 545 48
2085 1
581011 351 394
2093 1
582891 512 416
2109 1
585732 280 352
2112 1
587025 210 135
2126 1
589259 285 346
2130 1
589910 387 340
2132 1
590207 196 290
2134 1
590894 168 321
2136 1
590978 78 237
2138 1
591114 168 321
2139 1
591114 168 321
2142 1
591655 106 288
2146 1
591786 106 288
2149 1
592492 507 398
2150 1
592629 564 316
2158 1
594361 193 369
2167 1
596525 297 167
2169 1
596559 297 167
2170 1
596559 297 167
2175 1
599306 163 56
2176 1
599306 163 56
2180 1
600384 77 160
2182 1
600918 465 151
2187 1
601726 541 50
2188 1
601863 115 288
2192 1
603373 359 236
2193 1
603373 359 236
2196 1
603965 106 61
2198 1
604875 348 258
2199 1
605011 591 444
2202 1
605616 465 409
2204 1
606288 465 9
2205 1
606288 465 9
2206 1
607849 530 19
2216 1
610946 190 489
2218 1
611074 249 238
2232 1
614211 78 390
2235 1
616448 443 135
2236 1
616582 607 412
2247 1
623439 280 353
2248 1
625007 495 441
2251 1
627016 385 396
2253 1
628103 195 235
2255 1
629487 118 304
2257 1
631008 413 492
2259 1
631242 413 492
2260 1
631242 413 492
2261 1
633297 541 272
2263 1
634209 343 473
2268 1
636641 434 189
2269 1
636641 434 189
2270 1
637165 5 45
2271 1
637165 5 45
2277 1
639364 507 332
2278 1
639364 507 332
2282 1
639663 259 51
2293 1
642703 259 287
2307 1
646655 49 36
2327 1
653084 515 205
2331 1
654341 394 202
2334 1
655711 545 374
2339 1
657346 285 370
2348 1
660433 35 257
2374 1
665111 569 352
2383 1
667159 210 112
2390 1
669200 280 498
2398 1
672524 382 505
2402 1
673503 236 49
2409 1
675042 259 202
2426 1
679491 253 343
2431 1
680505 545 126
2432 1
680862 441 273
2435 1
681281 570 491
2443 1
683583 236 53
2452 1
685903 210 410
2467 1
689651 166 122
2470 1
690271 163 66
2471 1
690581 216 244
2476 1
692679 386 389
2483 1
695930 335 399
2489 1
700464 502 366
2490 1
701317 504 287
2498 1
703364 99 485
2500 1
703593 327 1
2504 1
704216 570 222
2506 1
704710 570 222
2513 1
707233 451 253
2514 1
707405 236 106
2525 1
712715 468 89
2533 1
715810 420 114
2536 1
716506 259 450
2537 1
716520 356 450
2543 1
717267 375 491
2545 1
718225 450 478
2550 1
719105 126 293
2551 1
719539 516 211
2565 1
723120 203 323
2566 1
723444 457 33
2569 1
723550 259 276
2576 1
724215 483 119
2593 1
726506 387 30
2607 1
728103 505 305
2616 1
729577 78 52
2617 1
729577 78 52
2618 1
729577 78 52
2619 1
729616 293 215
2621 1
729663 609 337
2624 1
730547 356 68
2628 1
731586 566 303
2629 1
731917 313 504
2633 1
732701 419 337
2636 1
732951 419 337
2637 1
732951 419 337
2639 1
733239 531 166
2641 1
733440 272 504
2642 1
733719 583 414
2645 1
734508 552 85
2648 1
735763 169 497
2654 1
737580 515 273
2655 1
737644 515 273
2657 1
738033 444 135
2669 1
740512 140 407
2670 1
740559 515 288
2675 1
741169 171 384
2680 1
743597 249 189
2687 1
745082 354 357
2696 1
748256 285 106
2700 1
749457 167 106
2702 1
751059 315 468
2704 1
752160 249 190
2714 1
756068 190 113
2715 1
756701 564 16
2721 1
759087 78 255
2723 1
760718 222 143
2727 1
762107 253 132
2733 1
763598 210 351
2735 1
763777 168 249
2748 1
766637 505 438
2754 1
767707 496 301
2758 1
768351 505 489
2763 1
768742 502 489
2767 1
769699 276 412
2770 1
769974 276 412
2771 1
769974 276 412
2774 1
770203 313 160
2789 1
773648 266 102
2791 1
773734 545 438
2792 1
774422 447 211
2797 1
776015 65 463
2806 1
778475 113 131
2813 1
780465 483 458
2815 1
780812 545 458
2825 1
783861 49 14
2839 1
786866 324 200
2842 1
787659 434 196
2846 1
788278 351 238
2847 1
788278 351 238
2856 1
789209 99 118
2857 1
789730 343 272
2858 1
789730 343 272
2867 1
791580 284 178
2879 1
794621 444 463
2882 1
796028 552 346
2891 1
798414 581 207
2894 1
798501 313 207
2895 1
798993 516 392
2904 1
801507 609 444
2912 1
804464 306 470
2916 1
804698 306 470
2927 1
807443 166 171
2940 1
812111 29 39
2943 1
812702 409 39
2964 1
818208 124 43
2965 1
818227 276 107
2970 1
819263 57 9
2979 1
821445 259 75
2981 1
821580 55 485
2983 1
822213 253 275
2986 1
822938 106 473
2992 1
825337 455 228
2995 1
827084 210 112
2997 1
827707 443 449
3002 1
831423 264 476
3006 1
833202 276 406
3009 1
834004 313 350
3010 1
834710 210 409
3011 1
835190 193 495
3013 1
836062 346 218
3017 1
837643 249 179
3018 1
838539 330 130
3025 1
840019 310 333
3026 1
841968 143 64
3027 1
843005 465 173
3028 1
843093 583 365
3029 1
843120 583 365
3030 1
843157 181 244
3031 1
843171 465 173
3032 1
843631 209 285
3040 1
845462 453 249
3041 1
845468 453 249
3042 1
846578 629 361
3044 1
846900 35 147
3045 1
846900 35 147
3046 1
846992 78 189
3047 1
847683 280 349
3048 1
848376 343 350
3049 1
848376 343 350
3051 1
849908 66 446
3056 1
853836 343 417
3058 1
855360 343 39
3060 1
857597 236 137
3061 1
858443 191 404
3062 1
859560 360 413
3066 1
860116 351 488
3068 1
860192 581 241
3069 1
861763 89 191
3070 1
861763 89 191
3071 1
861763 89 191
3072 1
862439 394 152
3073 1
863836 419 1
3074 1
864294 578 1
3077 1
865311 544 219
3078 1
865510 297 485
3079 1
868439 483 382
3085 1
870181 89 150
3090 1
874677 502 244
3097 1
888724 303 68
3099 1
894675 78 488
3100 1
896881 172 206
3103 1
897016 9 460
3104 1
897135 437 101
3105 1
897135 437 101
3106 1
897641 385 132
3107 1
898768 496 159
3108 1
899317 253 113
3112 1
901871 193 216
3114 1
903076 605 468
3117 1
903845 293 122
3120 1
911802 280 144
3125 1
933475 72 465
3342675 
