16 
62 12927
19 13073
29 17795
21 22122
53 28928
7 37070
14 37487
16 38351
68 42774
29 43129
14 43187
8 43590
16 44588
29 46045
49 46143
14 47538
16 
77 1
12927 62 61
79 1
13073 19 44
97 1
17795 29 73
120 1
22122 21 83
158 1
28928 53 59
225 1
37070 7 6
226 1
37487 14 70
235 1
38351 16 60
259 1
42774 68 19
264 1
43129 29 13
265 1
43187 14 46
268 1
43590 8 7
276 1
44588 16 16
283 1
46045 29 28
285 1
46143 49 28
297 1
47538 14 60
10582 
12 
2 13405
33 15568
62 16949
11 16960
55 26614
55 27643
2 27839
42 34469
33 34639
55 36498
55 36498
61 39284
12 
97 1
13405 2 111
111 1
15568 33 130
122 1
16949 62 16
123 1
16960 11 54
167 1
26614 55 42
172 1
27643 55 39
176 1
27839 2 13
233 1
34469 42 7
235 1
34639 33 7
256 1
36498 55 5
257 1
36498 55 5
282 1
39284 61 106
6739 
28 
23 1440
4 6982
17 16364
57 17653
57 17653
59 22046
23 22257
49 22613
37 23131
21 25922
24 27699
21 29635
49 30462
57 31440
37 33272
37 34094
53 34909
25 43487
23 46543
49 48419
7 50456
57 53888
74 56380
74 56381
37 58115
57 63045
5 65808
37 66400
28 
6 1
1440 23 7
24 1
6982 4 2
71 1
16364 17 50
75 1
17653 57 85
76 1
17653 57 85
97 1
22046 59 39
100 1
22257 23 40
102 1
22613 49 45
105 1
23131 37 43
118 1
25922 21 52
125 1
27699 24 58
140 1
29635 21 41
145 1
30462 49 27
151 1
31440 57 85
161 1
33272 37 28
164 1
34094 37 75
166 1
34909 53 15
201 1
43487 25 42
215 1
46543 23 68
223 1
48419 49 68
239 1
50456 7 63
267 1
53888 57 59
280 1
56380 74 39
281 1
56381 74 39
291 1
58115 37 5
301 1
63045 57 77
306 1
65808 5 37
307 1
66400 37 34
29557 
19 
40 7670
53 8415
70 13055
48 18911
53 19003
70 19562
53 25665
40 28637
31 29383
10 34825
48 43220
53 50773
3 53964
53 64957
48 68438
3 70663
4 74423
70 77316
10 88365
19 
15 1
7670 40 64
20 1
8415 53 64
26 1
13055 70 30
43 1
18911 48 109
45 1
19003 53 68
48 1
19562 70 26
62 1
25665 53 11
69 1
28637 40 100
76 1
29383 31 70
94 1
34825 10 38
114 1
43220 48 95
124 1
50773 53 69
126 1
53964 3 66
153 1
64957 53 26
165 1
68438 48 19
173 1
70663 3 27
184 1
74423 4 17
187 1
77316 70 44
191 1
88365 10 6
7628 
11 
50 24514
52 29457
59 64013
27 72569
22 73371
27 75931
59 83587
41 86043
55 90140
52 91217
27 93713
11 
36 1
24514 50 126
42 1
29457 52 17
90 1
64013 59 8
111 1
72569 27 109
114 1
73371 22 65
118 1
75931 27 23
134 1
83587 59 71
143 1
86043 41 127
154 1
90140 55 2
159 1
91217 52 36
165 1
93713 27 80
14857 
27 
55 8086
42 10348
17 22756
12 26730
26 32967
42 36841
38 42178
17 49322
17 63394
42 67042
4 71233
17 72791
40 75322
26 76171
26 76183
26 77081
32 81126
23 81652
3 104965
14 107532
17 113408
42 126183
32 166438
42 169431
17 169895
40 172058
42 199984
27 
9 1
8086 55 8
12 1
10348 42 46
31 1
22756 17 10
43 1
26730 12 12
48 1
32967 26 65
55 1
36841 42 6
58 1
42178 38 6
62 1
49322 17 9
75 1
63394 17 42
82 1
67042 42 34
88 1
71233 4 61
95 1
72791 17 13
104 1
75322 40 47
106 1
76171 26 66
108 1
76183 26 66
111 1
77081 26 45
118 1
81126 32 32
120 1
81652 23 56
148 1
104965 3 62
151 1
107532 14 25
154 1
113408 17 27
163 1
126183 42 5
199 1
166438 32 5
200 1
169431 42 66
201 1
169895 17 35
207 1
172058 40 45
227 1
199984 42 5
18733 
