3 
23 4429
15 8881
4 10010
3 
33 1
4429 23 66
65 1
8881 15 66
75 1
10010 4 63
642 
7 
11 222
23 2609
27 6322
12 6490
27 6834
23 10736
14 10989
7 
3 1
222 11 11
20 1
2609 23 26
75 1
6322 27 14
78 1
6490 12 28
83 1
6834 27 20
103 1
10736 23 22
105 1
10989 14 22
3628 
9 
17 1895
17 3175
17 3459
4 3780
17 4899
11 5042
17 6095
5 8087
17 8346
9 
29 1
1895 17 33
48 1
3175 17 2
56 1
3459 17 41
66 1
3780 4 42
89 1
4899 17 6
90 1
5042 11 7
93 1
6095 17 14
109 1
8087 5 16
114 1
8346 17 35
3147 
0 
0 
0 
0 
0 
0 
6 
7 1637
16 3923
17 3928
17 8161
13 12337
15 12674
6 
10 1
1637 7 33
34 1
3923 16 110
35 1
3928 17 79
73 1
8161 17 41
107 1
12337 13 24
113 1
12674 15 123
2251 
7 
6 3523
11 6199
15 8167
15 8167
6 15267
15 15590
11 15711
7 
23 1
3523 6 102
33 1
6199 11 7
53 1
8167 15 95
54 1
8167 15 95
105 1
15267 6 3
108 1
15590 15 86
113 1
15711 11 86
3102 
3 
14 2546
7 2580
16 3100
3 
43 1
2546 14 86
45 1
2580 7 47
57 1
3100 16 37
2859 
2 
4 1674
5 12545
2 
18 1
1674 4 55
102 1
12545 5 76
1649 
0 
0 
0 
