1975 
298 17115
692 25183
673 31473
765 35709
348 43439
348 39421
415 59448
415 55666
415 51884
415 48102
60 90262
60 85724
60 81186
60 76648
60 72110
60 67572
60 63034
60 58496
60 53958
60 49420
755 55445
755 52609
755 49773
366 93117
415 96204
233 140025
233 136101
233 132177
233 128253
233 124329
233 120405
233 116481
233 112557
233 108633
233 104709
233 100785
233 96861
723 101636
821 102604
214 105342
726 106520
421 116560
444 119713
815 127710
815 123881
815 120052
374 125716
461 137543
461 133856
461 130169
675 134069
427 143123
427 138963
427 134803
572 140199
424 143688
620 156042
620 151929
620 147816
82 150096
652 171882
75 180499
75 176575
335 178059
337 195622
111 195982
99 200576
660 207929
660 204667
660 201405
479 205227
719 205725
429 205725
635 213820
635 210085
548 210568
665 236649
665 232111
665 227573
665 223035
665 218497
665 213959
882 214593
307 219176
511 220887
156 297358
156 293009
156 288660
156 284311
156 279962
156 275613
156 271264
156 266915
156 262566
156 258217
156 253868
156 249519
156 245170
156 240821
156 236472
156 232123
156 227774
156 223425
172 225003
773 229356
773 225149
845 225261
123 232423
123 228452
307 229715
73 230363
111 234239
603 238202
603 234846
83 292667
83 288649
83 284631
83 280613
83 276595
83 272577
83 268559
83 264541
83 260523
83 256505
83 252487
83 248469
83 244451
83 240433
83 236415
771 237712
479 238789
131 239473
617 245675
617 242460
776 253729
776 250373
776 247017
776 243661
721 314180
721 309263
721 304346
721 299429
721 294512
721 289595
721 284678
721 279761
721 274844
721 269927
721 265010
721 260093
721 255176
721 250259
721 245342
99 253586
99 249095
575 265465
575 262534
575 259603
575 256672
539 261083
539 257821
568 263113
393 271978
393 267298
814 280063
814 276943
814 273823
814 270703
883 276134
883 271312
156 305762
207 383274
207 379539
207 375804
207 372069
207 368334
207 364599
207 360864
207 357129
207 353394
207 349659
207 345924
207 342189
207 338454
207 334719
207 330984
207 327249
207 323514
207 319779
207 316044
207 312309
207 308574
888 325966
888 322184
888 318402
888 314620
145 327447
265 409221
265 404824
265 400427
265 396030
265 391633
265 387236
265 382839
265 378442
265 374045
265 369648
265 365251
265 360854
265 356457
265 352060
265 347663
265 343266
171 426931
171 422203
171 417475
171 412747
171 408019
171 403291
171 398563
171 393835
171 389107
171 384379
171 379651
171 374923
171 370195
171 365467
171 360739
171 356011
171 351283
335 356118
788 365325
731 418890
731 414919
731 410948
731 406977
731 403006
731 399035
731 395064
731 391093
731 387122
731 383151
731 379180
731 375209
443 394783
443 376297
491 379804
247 407888
247 396258
247 384628
257 389419
224 394016
254 399208
617 400245
439 404745
110 405289
485 409771
370 415956
370 412883
370 409810
83 414454
578 417402
492 455765
492 451179
492 446593
492 442007
492 437421
492 432835
492 428249
492 423663
492 419077
558 423423
494 466983
494 462681
494 458379
494 454077
494 449775
494 445473
494 441171
494 436869
494 432567
494 428265
494 423963
382 427418
665 432457
665 427919
75 507399
75 503475
75 499551
75 495627
75 491703
75 487779
75 483855
75 479931
75 476007
75 472083
75 468159
75 464235
75 460311
75 456387
75 452463
75 448539
75 444615
75 440691
75 436767
75 432843
2 475112
2 471803
2 468494
2 465185
2 461876
2 458567
2 455258
827 490702
827 476140
827 461578
358 461950
15 465107
83 470348
543 512423
543 508925
543 505427
543 501929
543 498431
543 494933
543 491435
543 487937
543 484439
543 480941
543 477443
543 473945
543 470447
83 480867
83 476849
83 472831
348 483569
348 479551
33 489119
33 486235
33 483351
247 500033
247 488403
721 500519
721 495602
721 490685
275 501339
275 498266
275 495193
748 582379
748 579117
748 575855
748 572593
748 569331
748 566069
748 562807
748 559545
748 556283
748 553021
748 549759
748 546497
748 543235
748 539973
748 536711
748 533449
748 530187
748 526925
748 523663
748 520401
748 517139
748 513877
748 510615
748 507353
748 504091
748 500829
748 497567
364 511203
364 507516
612 562774
612 559938
612 557102
612 554266
612 551430
612 548594
612 545758
612 542922
612 540086
612 537250
612 534414
612 531578
612 528742
612 525906
612 523070
612 520234
612 517398
612 514562
612 511726
265 588843
265 584446
265 580049
265 575652
265 571255
265 566858
265 562461
265 558064
265 553667
265 549270
265 544873
265 540476
265 536079
265 531682
265 527285
265 522888
265 518491
265 514094
620 521736
620 517623
465 537205
465 532288
130 545311
130 541671
374 551929
374 548005
358 549938
852 607612
852 604728
852 601844
852 598960
852 596076
852 593192
852 590308
852 587424
852 584540
852 581656
852 578772
852 575888
852 573004
852 570120
852 567236
852 564352
852 561468
290 573736
692 670785
692 666530
692 662275
692 658020
692 653765
692 649510
692 645255
692 641000
692 636745
692 632490
692 628235
692 623980
692 619725
692 615470
692 611215
692 606960
692 602705
692 598450
692 594195
757 605116
431 607510
40 658801
40 655019
832 1131518
832 1126838
832 1122158
832 1117478
832 1112798
832 1108118
832 1103438
832 1098758
832 1094078
832 1089398
832 1084718
832 1080038
832 1075358
832 1070678
832 1065998
832 1061318
832 1056638
832 1051958
832 1047278
832 1042598
832 1037918
832 1033238
832 1028558
832 1023878
832 1019198
832 1014518
832 1009838
832 1005158
832 1000478
832 995798
832 991118
832 986438
832 981758
832 977078
832 972398
832 967718
832 963038
832 958358
832 953678
832 948998
832 944318
832 939638
832 934958
832 930278
832 925598
832 920918
832 916238
832 911558
832 906878
832 902198
832 897518
832 892838
832 888158
832 883478
832 878798
832 874118
832 869438
832 864758
832 860078
832 855398
832 850718
832 846038
832 841358
832 836678
832 831998
832 827318
832 822638
832 817958
832 813278
832 808598
832 803918
832 799238
832 794558
832 789878
832 785198
832 780518
832 775838
832 771158
832 766478
832 761798
832 757118
832 752438
832 747758
832 743078
832 738398
832 733718
832 729038
832 724358
832 719678
832 714998
832 710318
832 705638
832 700958
832 696278
832 691598
832 686918
832 682238
832 677558
832 672878
832 668198
812 669322
243 674108
298 707718
298 704172
298 700626
298 697080
298 693534
298 689988
298 686442
298 682896
298 679350
265 690930
265 686533
83 721813
83 717795
83 713777
83 709759
83 705741
83 701723
83 697705
83 693687
207 721923
207 718188
207 714453
207 710718
494 741166
494 736864
494 732562
494 728260
494 723958
494 719656
494 715354
494 711052
180 758506
180 755008
180 751510
180 748012
180 744514
180 741016
180 737518
180 734020
180 730522
180 727024
180 723526
180 720028
180 716530
180 713032
459 723336
459 719081
459 714826
436 756020
436 752333
436 748646
436 744959
436 741272
436 737585
436 733898
436 730211
436 726524
254 776011
254 772796
254 769581
254 766366
254 763151
254 759936
254 756721
254 753506
254 750291
254 747076
254 743861
254 740646
254 737431
254 734216
712 740541
736 747002
736 743835
391 744694
129 758303
129 754663
748 811127
748 807865
748 804603
748 801341
748 798079
748 794817
748 791555
748 788293
748 785031
748 781769
748 778507
748 775245
748 771983
748 768721
748 765459
748 762197
748 758935
748 755673
395 915013
395 910995
395 906977
395 902959
395 898941
395 894923
395 890905
395 886887
395 882869
395 878851
395 874833
395 870815
395 866797
395 862779
395 858761
395 854743
395 850725
395 846707
395 842689
395 838671
395 834653
395 830635
395 826617
395 822599
395 818581
395 814563
395 810545
395 806527
395 802509
395 798491
395 794473
395 790455
395 786437
395 782419
395 778401
395 774383
395 770365
395 766347
395 762329
247 769256
730 830950
730 827452
730 823954
730 820456
730 816958
730 813460
730 809962
730 806464
730 802966
730 799468
730 795970
730 792472
730 788974
730 785476
865 844552
865 840581
865 836610
865 832639
865 828668
865 824697
865 820726
865 816755
865 812784
865 808813
865 804842
865 800871
865 796900
865 792929
865 788958
180 793042
492 830324
492 825738
492 821152
327 824272
878 854414
878 850821
878 847228
878 843635
878 840042
878 836449
878 832856
878 829263
878 825670
606 872104
606 867282
606 862460
606 857638
606 852816
606 847994
606 843172
606 838350
606 833528
606 828706
569 830716
389 839059
275 851652
275 848579
275 845506
275 842433
393 848091
393 843411
509 844484
333 856589
333 852192
333 847795
33 861449
33 858565
33 855681
33 852797
25 858260
25 854147
569 858101
521 1167943
521 1164823
521 1161703
521 1158583
521 1155463
521 1152343
521 1149223
521 1146103
521 1142983
521 1139863
521 1136743
521 1133623
521 1130503
521 1127383
521 1124263
521 1121143
521 1118023
521 1114903
521 1111783
521 1108663
521 1105543
521 1102423
521 1099303
521 1096183
521 1093063
521 1089943
521 1086823
521 1083703
521 1080583
521 1077463
521 1074343
521 1071223
521 1068103
521 1064983
521 1061863
521 1058743
521 1055623
521 1052503
521 1049383
521 1046263
521 1043143
521 1040023
521 1036903
521 1033783
521 1030663
521 1027543
521 1024423
521 1021303
521 1018183
521 1015063
521 1011943
521 1008823
521 1005703
521 1002583
521 999463
521 996343
521 993223
521 990103
521 986983
521 983863
521 980743
521 977623
521 974503
521 971383
521 968263
521 965143
521 962023
521 958903
521 955783
521 952663
521 949543
521 946423
521 943303
521 940183
521 937063
521 933943
521 930823
521 927703
521 924583
521 921463
521 918343
521 915223
521 912103
521 908983
521 905863
521 902743
521 899623
521 896503
521 893383
521 890263
521 887143
521 884023
521 880903
521 877783
521 874663
521 871543
521 868423
521 865303
521 862183
521 859063
96 877283
96 874068
96 870853
96 867638
643 867901
723 878937
723 875155
723 871373
625 889328
625 886113
824 967095
824 963124
824 959153
824 955182
824 951211
824 947240
824 943269
824 939298
824 935327
824 931356
824 927385
824 923414
824 919443
824 915472
824 911501
824 907530
824 903559
824 899588
824 895617
824 891646
287 898769
287 895271
497 946939
497 942211
497 937483
497 932755
497 928027
497 923299
497 918571
462 929564
462 925451
287 933635
471 940160
471 936945
471 933730
395 934371
151 951287
548 982139
548 977979
548 973819
548 969659
548 965499
548 961339
548 957179
548 953019
33 966703
837 1108234
837 1104310
837 1100386
837 1096462
837 1092538
837 1088614
837 1084690
837 1080766
837 1076842
837 1072918
837 1068994
837 1065070
837 1061146
837 1057222
837 1053298
837 1049374
837 1045450
837 1041526
837 1037602
837 1033678
837 1029754
837 1025830
837 1021906
837 1017982
837 1014058
837 1010134
837 1006210
837 1002286
837 998362
837 994438
837 990514
837 986590
837 982666
837 978742
837 974818
837 970894
365 979134
365 975447
689 977489
347 989748
347 985446
347 981144
721 981371
877 994493
877 990427
748 1004920
748 1001658
748 998396
748 995134
439 1000427
552 1158424
552 1155540
552 1152656
552 1149772
552 1146888
552 1144004
552 1141120
552 1138236
552 1135352
552 1132468
552 1129584
552 1126700
552 1123816
552 1120932
552 1118048
552 1115164
552 1112280
552 1109396
552 1106512
552 1103628
552 1100744
552 1097860
552 1094976
552 1092092
552 1089208
552 1086324
552 1083440
552 1080556
552 1077672
552 1074788
552 1071904
552 1069020
552 1066136
552 1063252
552 1060368
552 1057484
552 1054600
552 1051716
552 1048832
552 1045948
552 1043064
552 1040180
552 1037296
552 1034412
552 1031528
552 1028644
552 1025760
552 1022876
552 1019992
552 1017108
552 1014224
552 1011340
552 1008456
552 1005572
877 1017851
877 1013785
877 1009719
80 1019721
80 1015561
80 1011401
545 1018095
545 1014502
467 1016788
612 1031960
612 1029124
612 1026288
612 1023452
334 1032449
334 1027674
244 1031778
652 1041971
652 1038284
13 1043175
13 1038731
625 1049825
625 1046610
423 1081759
423 1077504
423 1073249
423 1068994
423 1064739
423 1060484
423 1056229
423 1051974
545 1066051
545 1062458
377 1093275
377 1088926
377 1084577
377 1080228
377 1075879
377 1071530
377 1067181
177 1114419
177 1110684
177 1106949
177 1103214
177 1099479
177 1095744
177 1092009
177 1088274
177 1084539
177 1080804
177 1077069
177 1073334
698 1110592
698 1107141
698 1103690
698 1100239
698 1096788
698 1093337
698 1089886
888 1106649
888 1102867
888 1099085
888 1095303
224 1128880
224 1124720
224 1120560
224 1116400
224 1112240
224 1108080
224 1103920
224 1099760
156 1111976
156 1107627
852 1128704
852 1125820
852 1122936
86 1147614
86 1142981
90 1163756
90 1159312
90 1154868
90 1150424
173 1159903
173 1156074
173 1152245
542 1169590
265 1188559
265 1184162
265 1179765
265 1175368
265 1170971
23 1179871
23 1175900
463 1188850
463 1184548
54 1187415
629 1199121
629 1195197
847 1212341
357 1226329
643 1259002
563 1260260
171 1275146
171 1270418
171 1265690
491 1268888
364 1305803
364 1302116
104 1306635
423 1311632
853 1316466
888 1316694
531 1324008
531 1320321
389 1335043
389 1331403
154 1341543
154 1336579
154 1331615
832 1411276
832 1406596
832 1401916
832 1397236
832 1392556
832 1387876
832 1383196
832 1378516
832 1373836
832 1369156
832 1364476
832 1359796
832 1355116
832 1350436
832 1345756
832 1341076
832 1336396
718 1344546
333 1364232
333 1359835
333 1355438
877 1358762
844 1363136
577 1391701
577 1387163
577 1382625
577 1378087
577 1373549
577 1369011
577 1364473
740 1378374
740 1368493
434 1393000
434 1382835
434 1372670
265 1373066
372 1392129
372 1388820
372 1385511
372 1382202
472 1387712
472 1383032
668 1396213
668 1391675
265 1413795
265 1409398
265 1405001
265 1400604
265 1396207
317 1425577
317 1422126
317 1418675
317 1415224
317 1411773
317 1408322
317 1404871
317 1401420
317 1397969
256 1424409
256 1421573
256 1418737
207 1421436
97 1439915
97 1436275
97 1432635
97 1428995
97 1425355
97 1421715
180 1429562
180 1426064
459 1429653
348 1434663
348 1430645
185 1456445
185 1453420
185 1450395
185 1447370
185 1444345
185 1441320
185 1438295
185 1435270
876 1467739
876 1464335
876 1460931
876 1457527
876 1454123
876 1450719
876 1447315
876 1443911
876 1440507
146 1454020
146 1449765
146 1445510
424 1448565
311 1453349
131 1454134
740 1467934
740 1458053
308 1479056
308 1476172
308 1473288
308 1470404
308 1467520
308 1464636
308 1461752
308 1458868
254 1465620
254 1462405
739 1463023
147 1467231
317 1469042
878 1500385
878 1496792
878 1493199
878 1489606
878 1486013
878 1482420
878 1478827
878 1475234
878 1471641
463 1477382
463 1473080
111 1482597
111 1479524
111 1476451
111 1473378
852 1478340
888 1500023
888 1496241
888 1492459
888 1488677
888 1484895
888 1481113
376 1520979
376 1517670
376 1514361
376 1511052
376 1507743
376 1504434
376 1501125
376 1497816
376 1494507
376 1491198
376 1487889
376 1484580
376 1481271
307 1486280
173 1494432
173 1490603
255 1569736
255 1565150
255 1560564
255 1555978
255 1551392
255 1546806
255 1542220
255 1537634
255 1533048
255 1528462
255 1523876
255 1519290
255 1514704
255 1510118
255 1505532
255 1500946
255 1496360
172 1537970
172 1525394
172 1512818
172 1500242
387 1500263
387 1505270
638 1511118
638 1506580
285 1510131
748 1514608
748 1511346
463 1519336
463 1515034
262 1534429
262 1531214
262 1527999
262 1524784
262 1521569
262 1518354
262 1515139
772 1516309
493 1520847
276 1534341
276 1529472
276 1524603
395 1560821
395 1556803
395 1552785
395 1548767
395 1544749
395 1540731
395 1536713
395 1532695
395 1528677
395 1524659
387 1533785
387 1528821
511 1542429
511 1538316
53 1548020
53 1545042
53 1542064
53 1539086
723 1543036
723 1539254
635 1558650
635 1554915
635 1551180
635 1547445
635 1543710
635 1539975
776 1543401
776 1540045
609 1586729
609 1583420
609 1580111
609 1576802
609 1573493
609 1570184
609 1566875
609 1563566
609 1560257
609 1556948
609 1553639
609 1550330
609 1547021
609 1543712
569 1582421
569 1578639
569 1574857
569 1571075
569 1567293
569 1563511
569 1559729
569 1555947
569 1552165
569 1548383
569 1544601
51 1586030
51 1581208
51 1576386
51 1571564
51 1566742
51 1561920
51 1557098
51 1552276
51 1547454
716 1551786
716 1547484
757 1555051
757 1551789
757 1548527
563 1553359
563 1549199
692 1557968
692 1553713
692 1549458
389 1564215
389 1560575
389 1556935
389 1553295
676 1566327
791 1566590
635 1578776
635 1575041
635 1571306
635 1567571
730 1574451
730 1570953
832 1571390
240 1576255
865 1581887
865 1577916
24 1654879
24 1651381
24 1647883
24 1644385
24 1640887
24 1637389
24 1633891
24 1630393
24 1626895
24 1623397
24 1619899
24 1616401
24 1612903
24 1609405
24 1605907
24 1602409
24 1598911
24 1595413
24 1591915
24 1588417
24 1584919
24 1581421
24 1577923
799 1587997
799 1584641
799 1581285
652 1603570
652 1599883
652 1596196
652 1592509
652 1588822
652 1585135
694 1628852
694 1625921
694 1622990
694 1620059
694 1617128
694 1614197
694 1611266
694 1608335
694 1605404
694 1602473
694 1599542
694 1596611
694 1593680
694 1590749
292 1594659
472 1608351
472 1603671
472 1598991
301 1605586
301 1602561
301 1599536
833 1644225
833 1640301
833 1636377
833 1632453
833 1628529
833 1624605
833 1620681
833 1616757
833 1612833
833 1608909
505 1617858
766 1651511
766 1647020
766 1642529
766 1638038
766 1633547
711 1671434
711 1666801
711 1662168
711 1657535
711 1652902
711 1648269
711 1643636
711 1639003
711 1634370
224 1678930
224 1674770
224 1670610
224 1666450
224 1662290
224 1658130
224 1653970
224 1649810
224 1645650
224 1641490
224 1637330
32 1671188
32 1666319
32 1661450
32 1656581
32 1651712
32 1646843
32 1641974
788 1674337
788 1670035
788 1665733
788 1661431
788 1657129
691 1713213
691 1710046
691 1706879
691 1703712
691 1700545
691 1697378
691 1694211
691 1691044
691 1687877
691 1684710
691 1681543
691 1678376
691 1675209
509 1685119
509 1681999
509 1678879
731 1700383
731 1696412
731 1692441
731 1688470
731 1684499
731 1680528
275 1684866
603 1703533
619 1710001
521 1761806
521 1758686
521 1755566
521 1752446
521 1749326
521 1746206
521 1743086
521 1739966
521 1736846
521 1733726
521 1730606
521 1727486
521 1724366
521 1721246
521 1718126
13 1724010
13 1719566
277 1720454
73 1731933
73 1727158
73 1722383
177 1723646
824 1729261
352 1732176
526 1755290
526 1751035
675 1773727
675 1769189
675 1764651
675 1760113
675 1755575
23 1756196
865 1775497
456 1780526
254 1783956
254 1780741
171 1797469
171 1792741
171 1788013
761 1789830
719 1798285
719 1795070
719 1791855
719 1796805
719 1793590
499 1793803
551 1795284
740 1798754
292 1804419
812 1804820
690 1808210
246 1809207
883 1831602
883 1826780
883 1821958
883 1817136
883 1812314
860 1830703
860 1826212
4 1836037
377 1840571
377 1836222
618 1850691
618 1847382
334 1851045
243 1869992
243 1866446
243 1862900
243 1859354
219 1870286
219 1866977
219 1863668
219 1860359
716 1861604
471 1869407
136 1884875
136 1880006
136 1875137
743 1881965
180 1898337
180 1894839
180 1891341
180 1887843
634 1893333
634 1888653
603 1901216
603 1897860
603 1894504
603 1891148
44 1912452
44 1907630
44 1902808
44 1897986
44 1893164
719 1927800
719 1924585
719 1921370
719 1918155
719 1914940
719 1911725
719 1908510
719 1905295
719 1902080
719 1898865
878 1934323
878 1930730
878 1927137
878 1923544
878 1919951
878 1916358
748 1920482
748 1917220
854 1938984
837 1961408
837 1957484
837 1953560
837 1949636
837 1945712
837 1941788
136 1946185
536 1949817
199 1950931
689 1954979
429 1995859
429 1991793
429 1987727
429 1983661
429 1979595
429 1975529
429 1971463
429 1967397
429 1963331
429 1959265
429 1955199
421 2007918
421 1996382
421 1984846
421 1973310
482 1977912
482 1974839
540 1996636
540 1979285
712 1987894
712 1984112
869 1985484
440 1987489
340 1992862
17 2001176
552 2039985
552 2037101
552 2034217
552 2031333
552 2028449
552 2025565
552 2022681
552 2019797
552 2016913
552 2014029
552 2011145
292 2016144
292 2011984
545 2012527
501 2028463
501 2023499
501 2018535
688 2024305
688 2020098
245 2031032
440 2037750
440 2034772
440 2031794
850 2038953
871 2044115
463 2054182
314 2055021
194 2058364
186 2069041
233 2076850
741 2126233
741 2123066
741 2119899
741 2116732
741 2113565
741 2110398
741 2107231
741 2104064
741 2100897
741 2097730
741 2094563
741 2091396
741 2088229
741 2085062
741 2081895
358 2082374
771 2089774
497 2116421
497 2111693
545 2173508
545 2169915
545 2166322
545 2162729
545 2159136
545 2155543
545 2151950
545 2148357
545 2144764
545 2141171
545 2137578
545 2133985
545 2130392
19 2135319
554 2159453
554 2156569
554 2153685
554 2150801
554 2147917
336 2162024
712 2169677
712 2165895
712 2162113
358 2172023
358 2168005
358 2163987
783 2179146
783 2175411
783 2171676
783 2167941
75 2174634
75 2170710
19 2176650
719 2187318
719 2184103
719 2180888
719 2177673
237 2205147
237 2193800
237 2182453
726 2187140
888 2190606
265 2195376
265 2190979
730 2202073
730 2198575
730 2195077
730 2191579
180 2195639
726 2204656
726 2200827
275 2242001
275 2238928
275 2235855
275 2232782
275 2229709
275 2226636
275 2223563
275 2220490
275 2217417
275 2214344
852 2215233
716 2218657
551 2242808
563 2277146
563 2272986
563 2268826
563 2264666
563 2260506
563 2256346
563 2252186
563 2248026
858 2248809
275 2253893
443 2256595
97 2295471
30 2296159
863 2300761
22 2300849
512 2304197
173 2304490
871 2304898
718 2321308
718 2318093
718 2314878
360 2365271
360 2362198
360 2359125
360 2356052
360 2352979
360 2349906
360 2346833
360 2343760
360 2340687
360 2337614
360 2334541
360 2331468
360 2328395
360 2325322
360 2322249
569 2327264
569 2323482
276 2327911
688 2332111
657 2337827
657 2334991
657 2332155
265 2342219
637 2351996
637 2347221
242 2351195
610 2374830
364 2384410
774 2388430
629 2390394
705 2391154
364 2399909
540 2408056
82 2409207
771 2412627
429 2417549
429 2413483
873 2444360
873 2439680
873 2435000
873 2430320
873 2425640
873 2420960
873 2416280
497 2417305
39 2417477
203 2418524
440 2422618
381 2423726
719 2426835
377 2426910
476 2427988
374 2432621
563 2437420
865 2442892
472 2446145
740 2480972
695 2518885
695 2503709
695 2488533
712 2493045
712 2489263
272 2522822
48 2551987
48 2547827
48 2543667
48 2539507
48 2535347
48 2531187
48 2527027
48 2522867
888 2564325
888 2560543
888 2556761
888 2552979
888 2549197
888 2545415
888 2541633
888 2537851
888 2534069
888 2530287
888 2526505
888 2530763
888 2526981
171 2531381
692 2535704
877 2540700
877 2536634
736 2541172
765 2551147
441 2576373
441 2565972
441 2555571
55 2556662
130 2617405
130 2613765
130 2610125
130 2606485
130 2602845
130 2599205
130 2595565
130 2591925
130 2588285
71 2650862
71 2646986
71 2643110
71 2639234
71 2635358
71 2631482
71 2627606
71 2623730
71 2619854
71 2615978
71 2612102
402 2616284
313 2703627
620 2769130
455 2829013
455 2825798
455 2822583
455 2819368
455 2816153
455 2812938
455 2809723
455 2806508
455 2803293
455 2800078
455 2829013
455 2825798
455 2822583
455 2819368
455 2816153
455 2812938
455 2809723
455 2806508
455 2803293
455 2800078
486 
2 1
17115 298 267
4 1
25183 692 261
5 1
31473 673 200
7 1
35709 765 118
9 1
39421 348 183
10 1
48102 415 151
12 1
49420 60 96
13 1
49773 755 306
17 1
93117 366 162
20 1
96204 415 151
21 1
96861 233 273
23 1
101636 723 34
24 1
102604 821 264
25 1
105342 214 263
26 1
106520 726 267
28 1
140025 233 156
29 1
116560 421 22
31 1
119713 444 20
32 1
120052 815 42
33 1
125716 374 101
35 1
130169 461 54
36 1
134069 675 129
37 1
134803 427 67
39 1
140199 572 158
41 1
143688 424 238
42 1
147816 620 168
44 1
150096 82 289
47 1
171882 652 247
49 1
176575 75 114
50 1
178059 335 75
53 1
195622 337 134
54 1
195982 111 139
57 1
200576 99 185
58 1
201405 660 156
59 1
205227 479 293
60 1
205725 719 219
61 1
205725 429 258
63 1
210085 635 293
64 1
210568 548 6
65 1
213959 665 23
66 1
214593 882 111
69 1
219176 307 98
72 1
220887 511 237
73 1
223425 156 79
76 1
225003 172 157
77 1
225149 773 126
78 1
225261 845 263
79 1
228452 123 162
81 1
229715 307 64
82 1
230363 73 38
86 1
234239 111 261
87 1
234846 603 163
88 1
236415 83 207
89 1
237712 771 144
90 1
238789 479 90
92 1
239473 131 5
94 1
242460 617 92
96 1
243661 776 182
97 1
245342 721 268
99 1
249095 99 113
100 1
253729 776 92
101 1
256672 575 82
103 1
257821 539 35
105 1
263113 568 3
107 1
267298 393 163
109 1
270703 814 126
110 1
271312 883 21
112 1
305762 156 280
113 1
308574 207 240
116 1
314620 888 87
117 1
327447 145 266
121 1
343266 265 29
123 1
351283 171 170
125 1
356118 335 75
127 1
365325 788 77
128 1
375209 731 124
129 1
376297 443 55
130 1
379804 491 225
132 1
384628 247 38
133 1
389419 257 239
135 1
394016 224 299
136 1
407888 247 175
137 1
399208 254 271
138 1
400245 617 13
142 1
404745 439 18
143 1
405289 110 64
144 1
409771 485 154
145 1
409810 370 95
146 1
414454 83 300
147 1
417402 578 76
148 1
419077 492 101
150 1
423423 558 244
151 1
423963 494 139
153 1
427418 382 75
154 1
427919 665 23
155 1
432843 75 114
160 1
455258 2 195
161 1
461578 827 7
162 1
461950 358 290
164 1
465107 15 223
165 1
470348 83 207
166 1
470447 543 263
168 1
472831 83 207
169 1
479551 348 162
170 1
483351 33 187
171 1
488403 247 50
172 1
490685 721 268
174 1
495193 275 25
175 1
497567 748 286
178 1
507516 364 170
179 1
511726 612 32
181 1
514094 265 183
182 1
517623 620 255
183 1
532288 465 111
185 1
541671 130 71
189 1
548005 374 144
191 1
549938 358 195
195 1
561468 852 276
196 1
573736 290 293
198 1
594195 692 249
199 1
605116 757 217
200 1
605216 757 217
201 1
607510 431 52
204 1
655019 40 257
208 1
668198 832 135
209 1
669322 812 47
210 1
674108 243 52
211 1
679350 298 232
212 1
686533 265 29
214 1
693687 83 272
216 1
710718 207 243
217 1
711052 494 213
218 1
713032 180 239
219 1
714826 459 143
220 1
726524 436 18
221 1
734216 254 220
223 1
740541 712 8
224 1
743835 736 63
225 1
744694 391 35
228 1
754663 129 274
229 1
755673 748 304
231 1
762329 395 64
232 1
769256 247 38
237 1
785476 730 25
238 1
788958 865 65
240 1
793042 180 90
242 1
821152 492 273
243 1
824272 327 20
244 1
825670 878 27
245 1
828706 606 63
246 1
830716 569 12
250 1
839059 389 304
253 1
842433 275 101
254 1
843411 393 214
255 1
844484 509 267
256 1
847795 333 135
257 1
852797 33 36
258 1
854147 25 179
259 1
858101 569 255
260 1
859063 521 90
262 1
867638 96 120
263 1
867901 643 241
264 1
871373 723 240
265 1
886113 625 9
269 1
891646 824 256
270 1
895271 287 78
272 1
918571 497 204
275 1
925451 462 240
278 1
933635 287 78
279 1
933730 471 74
280 1
934371 395 289
283 1
951287 151 79
284 1
953019 548 283
287 1
966703 33 187
288 1
970894 837 30
292 1
975447 365 254
293 1
977489 689 18
294 1
981144 347 263
295 1
981371 721 268
298 1
990427 877 213
299 1
995134 748 286
300 1
1000427 439 204
301 1
1005572 552 177
303 1
1009719 877 271
305 1
1011401 80 70
306 1
1014502 545 310
307 1
1016788 467 167
311 1
1023452 612 32
312 1
1027674 334 240
313 1
1031778 244 117
314 1
1038284 652 196
315 1
1038731 13 128
316 1
1046610 625 306
319 1
1051974 423 166
320 1
1062458 545 2
321 1
1067181 377 270
322 1
1073334 177 128
323 1
1089886 698 290
325 1
1095303 888 237
326 1
1099760 224 179
328 1
1107627 156 174
329 1
1122936 852 276
330 1
1142981 86 275
331 1
1150424 90 104
332 1
1152245 173 2
333 1
1169590 542 97
335 1
1170971 265 177
336 1
1175900 23 108
337 1
1184548 463 215
338 1
1187415 54 61
341 1
1195197 629 140
344 1
1212341 847 122
348 1
1226329 357 217
351 1
1259002 643 241
352 1
1260260 563 213
353 1
1265690 171 38
354 1
1268888 491 7
358 1
1302116 364 62
360 1
1306635 104 138
361 1
1311632 423 55
363 1
1316466 853 20
364 1
1316694 888 266
365 1
1320321 531 106
366 1
1331403 389 166
367 1
1331615 154 138
371 1
1336396 832 135
377 1
1344546 718 218
380 1
1355438 333 271
381 1
1358762 877 43
382 1
1363136 844 69
383 1
1364473 577 193
384 1
1368493 740 178
385 1
1372670 434 91
386 1
1373066 265 29
387 1
1391701 577 187
388 1
1382202 372 115
389 1
1383032 472 170
391 1
1391675 668 278
392 1
1396207 265 79
395 1
1397969 317 237
397 1
1418737 256 83
399 1
1421436 207 243
400 1
1421715 97 261
405 1
1426064 180 239
406 1
1429653 459 143
407 1
1430645 348 116
409 1
1435270 185 282
410 1
1440507 876 67
411 1
1445510 146 26
412 1
1448565 424 239
413 1
1453349 311 305
414 1
1454134 131 127
415 1
1458053 740 23
416 1
1458868 308 220
417 1
1467739 876 143
420 1
1462405 254 2
422 1
1463023 739 222
423 1
1467231 147 217
426 1
1469042 317 36
427 1
1471641 878 232
429 1
1473080 463 100
430 1
1473378 111 121
431 1
1478340 852 159
433 1
1481113 888 164
434 1
1481271 376 131
439 1
1486280 307 50
441 1
1490603 173 21
442 1
1496360 255 16
443 1
1500242 172 215
444 1
1500263 387 51
445 1
1505270 387 259
446 1
1506580 638 14
448 1
1510131 285 168
449 1
1511346 748 304
450 1
1515034 463 231
452 1
1515139 262 64
453 1
1516309 772 48
454 1
1520979 376 274
455 1
1520979 376 274
456 1
1520847 493 272
458 1
1524603 276 82
459 1
1524659 395 64
461 1
1528821 387 4
463 1
1538316 511 81
464 1
1539086 53 25
465 1
1539254 723 230
467 1
1539975 635 244
468 1
1540045 776 98
469 1
1543712 609 125
471 1
1544601 569 24
472 1
1547454 51 139
473 1
1547484 716 273
474 1
1548527 757 18
475 1
1549199 563 247
476 1
1549458 692 291
479 1
1553295 389 33
482 1
1566327 676 240
483 1
1566590 791 71
484 1
1567571 635 91
486 1
1570953 730 25
487 1
1571390 832 135
488 1
1576255 240 127
489 1
1577916 865 65
490 1
1577923 24 245
491 1
1581285 799 300
492 1
1585135 652 158
496 1
1590749 694 63
497 1
1594659 292 302
498 1
1598991 472 88
499 1
1599536 301 110
500 1
1608909 833 270
503 1
1617858 505 44
504 1
1633547 766 31
506 1
1634370 711 297
507 1
1637330 224 286
508 1
1641974 32 167
509 1
1657129 788 172
511 1
1675209 691 105
512 1
1678879 509 267
513 1
1680528 731 55
516 1
1684866 275 101
520 1
1703533 603 300
522 1
1710001 619 129
523 1
1718126 521 90
524 1
1719566 13 82
525 1
1720454 277 183
526 1
1722383 73 38
528 1
1723646 177 186
529 1
1729261 824 25
531 1
1732176 352 46
532 1
1751035 526 304
533 1
1755575 675 31
534 1
1756196 23 237
535 1
1775497 865 25
536 1
1780526 456 89
538 1
1780741 254 38
539 1
1788013 171 244
540 1
1789830 761 206
541 1
1791855 719 145
543 1
1793590 719 145
544 1
1793803 499 266
545 1
1795284 551 63
546 1
1798754 740 178
547 1
1804419 292 27
548 1
1804820 812 122
549 1
1808210 690 222
550 1
1809207 246 171
551 1
1812314 883 241
554 1
1826212 860 22
555 1
1836037 4 236
556 1
1836222 377 152
559 1
1847382 618 128
560 1
1851045 334 99
562 1
1859354 243 191
563 1
1860359 219 24
565 1
1861604 716 303
567 1
1869407 471 246
569 1
1875137 136 184
571 1
1881965 743 209
572 1
1887843 180 227
573 1
1888653 634 92
577 1
1891148 603 300
578 1
1893164 44 234
581 1
1898865 719 307
584 1
1916358 878 43
585 1
1917220 748 95
586 1
1938984 854 42
587 1
1941788 837 30
588 1
1946185 136 204
590 1
1949817 536 37
591 1
1950931 199 148
592 1
1954979 689 18
595 1
1955199 429 265
598 1
1973310 421 81
599 1
1974839 482 289
600 1
1979285 540 153
601 1
1984112 712 8
602 1
1985484 869 210
603 1
1987489 440 21
604 1
1992862 340 49
607 1
2001176 17 50
609 1
2007427 17 109
610 1
2011145 552 177
611 1
2011984 292 12
612 1
2012527 545 33
613 1
2018535 501 288
615 1
2020098 688 17
617 1
2031032 245 98
618 1
2031794 440 157
620 1
2038953 850 215
621 1
2044115 871 13
623 1
2054182 463 84
625 1
2055021 314 171
626 1
2058364 194 66
627 1
2069041 186 67
628 1
2076850 233 233
632 1
2081895 741 229
633 1
2082374 358 269
634 1
2089774 771 163
635 1
2111693 497 278
636 1
2130392 545 130
637 1
2135319 19 201
639 1
2147917 554 196
642 1
2162024 336 187
643 1
2162113 712 56
645 1
2163987 358 278
646 1
2167941 783 38
647 1
2170710 75 293
649 1
2176650 19 304
651 1
2177673 719 1
653 1
2182453 237 265
654 1
2187140 726 213
655 1
2190606 888 237
656 1
2190979 265 121
657 1
2191579 730 283
658 1
2195639 180 137
659 1
2200827 726 172
664 1
2214344 275 219
665 1
2215233 852 40
666 1
2218657 716 143
668 1
2242808 551 184
669 1
2248026 563 85
670 1
2248809 858 174
671 1
2253893 275 25
672 1
2256595 443 227
677 1
2295471 97 266
678 1
2296159 30 82
679 1
2300761 863 293
680 1
2300849 22 104
681 1
2304197 512 127
682 1
2304490 173 2
683 1
2304898 871 124
685 1
2314878 718 297
687 1
2322249 360 118
688 1
2323482 569 36
690 1
2327911 276 247
691 1
2332111 688 214
692 1
2332155 657 192
694 1
2342219 265 274
696 1
2347221 637 151
698 1
2351195 242 234
701 1
2374830 610 61
703 1
2384410 364 124
705 1
2388430 774 206
707 1
2390394 629 140
708 1
2391154 705 70
710 1
2399909 364 164
713 1
2408056 540 218
715 1
2409207 82 269
716 1
2412627 771 144
717 1
2413483 429 212
719 1
2416280 873 303
720 1
2417305 497 224
722 1
2417477 39 44
723 1
2418524 203 136
725 1
2421763 540 190
726 1
2422618 440 50
727 1
2423726 381 187
729 1
2426835 719 256
730 1
2426910 377 154
731 1
2427988 476 160
732 1
2432621 374 258
733 1
2437420 563 185
734 1
2442892 865 117
735 1
2446145 472 143
740 1
2480972 740 11
742 1
2488533 695 297
743 1
2489263 712 257
750 1
2522822 272 98
751 1
2522867 48 175
752 1
2526505 888 220
753 1
2526981 888 237
755 1
2531381 171 38
757 1
2535704 692 261
758 1
2536634 877 138
760 1
2541172 736 239
762 1
2551147 765 143
763 1
2555571 441 92
765 1
2556662 55 230
767 1
2588285 130 309
768 1
2612102 71 84
769 1
2616284 402 208
771 1
2703627 313 109
772 1
2769130 620 308
773 1
2800078 455 178
774 1
2800078 455 178
3179774 
2330 
478 1362
478 623
210 5954
579 7497
815 9291
274 42014
274 40861
274 39708
274 38555
274 37402
274 36249
274 35096
274 33943
274 32790
274 31637
274 30484
274 29331
274 28178
274 27025
274 25872
274 24719
274 23566
274 22413
274 21260
274 20107
274 18954
274 17801
274 16648
274 15495
274 14342
274 13189
243 15838
243 14886
404 19210
404 18158
404 17106
404 16054
404 15002
585 20549
585 19530
645 23597
900 26702
900 25728
900 24754
900 23780
684 25249
274 30990
274 29837
274 28684
274 27531
274 26378
618 26383
374 26584
620 28547
469 29813
469 28794
243 29773
688 31796
688 31001
861 38624
861 37448
861 36272
861 35096
861 33920
554 35526
554 34350
569 38428
584 40681
118 40681
303 41931
303 40845
355 44919
900 47560
659 48499
72 57308
72 56200
112 57666
578 67993
578 66997
578 66001
578 65005
578 64009
578 63013
578 62017
578 61021
888 62772
888 62022
888 61272
354 62210
796 63878
796 63005
326 64165
224 66734
224 66018
224 65302
117 66506
438 66757
880 68469
880 67618
36 67620
206 75108
206 74033
206 72958
206 71883
206 70808
206 69733
206 68658
258 68664
554 68701
841 70845
701 72052
701 70921
33 72486
33 71781
33 71076
470 71298
118 74849
118 74144
118 73439
863 73525
75 75100
75 74361
75 73622
539 75397
158 76959
158 76243
158 75527
682 77686
682 76824
558 79238
558 78107
558 76976
558 79238
558 78107
558 76976
450 86434
450 85617
450 84800
450 83983
450 83166
450 82349
450 81532
450 80715
450 79898
618 85823
618 84715
618 83607
618 82499
618 81391
618 80283
794 84272
794 83242
841 85321
841 84392
667 89268
667 88137
667 87006
667 85875
667 84744
299 87633
299 86704
505 116743
505 115679
505 114615
505 113551
505 112487
505 111423
505 110359
505 109295
505 108231
505 107167
505 106103
505 105039
505 103975
505 102911
505 101847
505 100783
505 99719
505 98655
505 97591
505 96527
505 95463
505 94399
505 93335
505 92271
505 91207
505 90143
505 89079
505 88015
505 86951
614 90344
614 89213
614 88082
551 93801
551 89915
606 94267
606 93562
606 92857
606 92152
606 91447
606 90742
606 90037
208 91260
208 90387
378 93570
331 103216
331 102343
331 101470
331 100597
331 99724
331 98851
331 97978
331 97105
331 96232
331 95359
331 94486
331 93613
490 94492
317 95694
317 94563
558 95481
188 95533
757 100030
757 99157
757 98284
757 97411
757 96538
757 95665
581 99708
581 98734
581 97760
581 96786
581 95812
880 96697
896 114783
896 113854
896 112925
896 111996
896 111067
896 110138
896 109209
896 108280
896 107351
896 106422
896 105493
896 104564
896 103635
896 102706
896 101777
896 100848
896 99919
896 98990
896 98061
896 97132
846 105178
846 104193
846 103208
846 102223
846 101238
255 113851
255 112675
255 111499
255 110323
255 109147
255 107971
255 106795
255 105619
255 104443
244 108823
244 107804
244 106785
502 111953
502 110979
502 110005
502 109031
502 108057
502 107083
258 112633
258 111816
258 110999
258 110182
244 116650
244 115631
244 114612
244 113593
244 112574
489 154355
489 151623
489 148891
489 146159
489 143427
489 140695
489 137963
489 135231
489 132499
489 129767
489 127035
489 124303
489 121571
489 118839
489 116107
489 113375
683 133037
683 132343
683 131649
683 130955
683 130261
683 129567
683 128873
683 128179
683 127485
683 126791
683 126097
683 125403
683 124709
683 124015
683 123321
683 122627
683 121933
683 121239
683 120545
683 119851
683 119157
683 118463
683 117769
683 117075
683 116381
683 115687
683 114993
362 115071
456 131937
456 127950
456 123963
456 119976
456 115989
894 134444
894 133571
894 132698
894 131825
894 130952
894 130079
894 129206
894 128333
894 127460
894 126587
894 125714
894 124841
894 123968
894 123095
894 122222
894 121349
894 120476
894 119603
894 118730
894 117857
894 116984
894 116111
245 134750
245 134000
245 133250
245 132500
245 131750
245 131000
245 130250
245 129500
245 128750
245 128000
245 127250
245 126500
245 125750
245 125000
245 124250
245 123500
245 122750
245 122000
245 121250
245 120500
245 119750
245 119000
245 118250
245 117500
245 116750
837 123220
837 122280
468 133577
468 132469
468 131361
468 130253
468 129145
468 128037
468 126929
468 125821
468 124713
468 123605
688 124696
430 127046
857 128020
858 152601
858 151885
858 151169
858 150453
858 149737
858 149021
858 148305
858 147589
858 146873
858 146157
858 145441
858 144725
858 144009
858 143293
858 142577
858 141861
858 141145
858 140429
858 139713
858 138997
858 138281
858 137565
858 136849
858 136133
858 135417
858 134701
454 135063
564 135084
472 153201
472 152249
472 151297
472 150345
472 149393
472 148441
472 147489
472 146537
472 145585
472 144633
472 143681
472 142729
472 141777
472 140825
472 139873
472 138921
472 137969
472 137017
472 136065
472 135113
779 145198
779 144291
779 143384
779 142477
779 141570
779 140663
779 139756
779 138849
779 137942
779 137035
779 136128
779 135221
655 135842
436 230501
436 229594
436 228687
436 227780
436 226873
436 225966
436 225059
436 224152
436 223245
436 222338
436 221431
436 220524
436 219617
436 218710
436 217803
436 216896
436 215989
436 215082
436 214175
436 213268
436 212361
436 211454
436 210547
436 209640
436 208733
436 207826
436 206919
436 206012
436 205105
436 204198
436 203291
436 202384
436 201477
436 200570
436 199663
436 198756
436 197849
436 196942
436 196035
436 195128
436 194221
436 193314
436 192407
436 191500
436 190593
436 189686
436 188779
436 187872
436 186965
436 186058
436 185151
436 184244
436 183337
436 182430
436 181523
436 180616
436 179709
436 178802
436 177895
436 176988
436 176081
436 175174
436 174267
436 173360
436 172453
436 171546
436 170639
436 169732
436 168825
436 167918
436 167011
436 166104
436 165197
436 164290
436 163383
436 162476
436 161569
436 160662
436 159755
436 158848
436 157941
436 157034
436 156127
436 155220
436 154313
436 153406
436 152499
436 151592
436 150685
436 149778
436 148871
436 147964
436 147057
436 146150
436 145243
436 144336
436 143429
436 142522
436 141615
436 140708
436 139801
475 140475
713 140765
859 142811
332 142874
745 146090
745 145026
745 143962
513 162328
513 161354
513 160380
513 159406
513 158432
513 157458
513 156484
513 155510
513 154536
513 153562
513 152588
513 151614
513 150640
513 149666
513 148692
513 147718
513 146744
513 145770
513 144796
795 145898
196 147181
5 197881
5 196750
5 195619
5 194488
5 193357
5 192226
5 191095
5 189964
5 188833
5 187702
5 186571
5 185440
5 184309
5 183178
5 182047
5 180916
5 179785
5 178654
5 177523
5 176392
5 175261
5 174130
5 172999
5 171868
5 170737
5 169606
5 168475
5 167344
5 166213
5 165082
5 163951
5 162820
5 161689
5 160558
5 159427
5 158296
5 157165
5 156034
5 154903
5 153772
5 152641
5 151510
5 150379
5 149248
53 149539
418 152767
418 151759
418 150751
263 151568
620 153748
620 152808
443 153952
661 159657
661 158963
661 158269
661 157575
113 158474
883 159641
883 158645
620 162188
620 161248
620 160308
620 159368
827 161450
827 160566
485 160651
522 160835
402 163045
402 161959
402 160873
400 163625
400 162774
620 163989
620 163049
346 164902
346 164163
346 163424
145 181903
145 181198
145 180493
145 179788
145 179083
145 178378
145 177673
145 176968
145 176263
145 175558
145 174853
145 174148
145 173443
145 172738
145 172033
145 171328
145 170623
145 169918
145 169213
145 168508
145 167803
145 167098
145 166393
145 165688
145 164983
145 164278
794 166484
841 168785
895 176692
895 173108
895 169524
232 172092
232 170916
232 169740
346 173384
346 172645
346 171906
32 190383
32 189364
32 188345
32 187326
32 186307
32 185288
32 184269
32 183250
32 182231
32 181212
32 180193
32 179174
32 178155
32 177136
32 176117
32 175098
32 174079
32 173060
505 178158
505 177094
505 176030
505 174966
505 173902
779 175151
779 174244
673 175073
40 176449
266 177800
792 178757
234 184771
234 183819
234 182867
234 181915
234 180963
234 180011
1 182850
1 182122
1 181394
1 180666
402 200743
402 199657
402 198571
402 197485
402 196399
402 195313
402 194227
402 193141
402 192055
402 190969
402 189883
402 188797
402 187711
402 186625
402 185539
402 184453
402 183367
381 186767
381 185591
381 184415
477 186645
841 222431
841 221502
841 220573
841 219644
841 218715
841 217786
841 216857
841 215928
841 214999
841 214070
841 213141
841 212212
841 211283
841 210354
841 209425
841 208496
841 207567
841 206638
841 205709
841 204780
841 203851
841 202922
841 201993
841 201064
841 200135
841 199206
841 198277
841 197348
841 196419
841 195490
841 194561
841 193632
841 192703
841 191774
841 190845
841 189916
841 188987
841 188058
841 187129
40 189450
40 188487
40 187524
141 194775
141 193980
141 193185
332 194756
332 194040
332 193324
344 194471
489 195394
524 196832
677 197706
857 198574
681 219268
681 218294
681 217320
681 216346
681 215372
681 214398
681 213424
681 212450
681 211476
681 210502
681 209528
681 208554
681 207580
681 206606
681 205632
681 204658
681 203684
681 202710
681 201736
681 200762
379 205881
350 207829
350 207045
350 206261
566 207590
263 210071
263 208996
263 207921
610 215641
610 212897
610 210153
12 213429
12 212377
740 213496
740 212410
646 214121
646 213360
502 223004
502 222030
502 221056
502 220082
502 219108
502 218134
502 217160
502 216186
502 215212
502 214238
673 225902
673 225107
673 224312
673 223517
673 222722
673 221927
673 221132
673 220337
673 219542
673 218747
673 217952
673 217157
673 216362
673 215567
158 216455
896 230848
896 229919
896 228990
896 228061
896 227132
896 226203
896 225274
896 224345
896 223416
896 222487
896 221558
896 220629
896 219700
896 244783
896 243854
896 242925
896 241996
896 241067
896 240138
896 239209
896 238280
896 237351
896 236422
896 235493
896 234564
896 233635
896 232706
896 231777
896 230848
896 229919
896 228990
896 228061
896 227132
896 226203
896 225274
896 224345
896 223416
896 222487
896 221558
896 220629
896 219700
17 223103
17 222028
17 220953
238 222517
118 224618
118 223913
118 223208
148 225744
489 234946
489 232214
489 229482
489 226750
683 232069
683 231375
683 230681
683 229987
362 230143
834 378295
834 377310
834 376325
834 375340
834 374355
834 373370
834 372385
834 371400
834 370415
834 369430
834 368445
834 367460
834 366475
834 365490
834 364505
834 363520
834 362535
834 361550
834 360565
834 359580
834 358595
834 357610
834 356625
834 355640
834 354655
834 353670
834 352685
834 351700
834 350715
834 349730
834 348745
834 347760
834 346775
834 345790
834 344805
834 343820
834 342835
834 341850
834 340865
834 339880
834 338895
834 337910
834 336925
834 335940
834 334955
834 333970
834 332985
834 332000
834 331015
834 330030
834 329045
834 328060
834 327075
834 326090
834 325105
834 324120
834 323135
834 322150
834 321165
834 320180
834 319195
834 318210
834 317225
834 316240
834 315255
834 314270
834 313285
834 312300
834 311315
834 310330
834 309345
834 308360
834 307375
834 306390
834 305405
834 304420
834 303435
834 302450
834 301465
834 300480
834 299495
834 298510
834 297525
834 296540
834 295555
834 294570
834 293585
834 292600
834 291615
834 290630
834 289645
834 288660
834 287675
834 286690
834 285705
834 284720
834 283735
834 282750
834 281765
834 280780
834 279795
834 278810
834 277825
834 276840
834 275855
834 274870
834 273885
834 272900
834 271915
834 270930
834 269945
834 268960
834 267975
834 266990
834 266005
834 265020
834 264035
834 263050
834 262065
834 261080
834 260095
834 259110
834 258125
834 257140
834 256155
834 255170
834 254185
834 253200
834 252215
834 251230
834 250245
834 249260
834 248275
834 247290
834 246305
834 245320
834 244335
834 243350
834 242365
834 241380
834 240395
834 239410
834 238425
834 237440
834 236455
834 235470
834 234485
834 233500
834 232515
834 231530
834 397010
834 396025
834 395040
834 394055
834 393070
834 392085
834 391100
834 390115
834 389130
834 388145
834 387160
834 386175
834 385190
834 384205
834 383220
834 382235
834 381250
834 380265
834 379280
834 378295
834 377310
834 376325
834 375340
834 374355
834 373370
834 372385
834 371400
834 370415
834 369430
834 368445
834 367460
834 366475
834 365490
834 364505
834 363520
834 362535
834 361550
834 360565
834 359580
834 358595
834 357610
834 356625
834 355640
834 354655
834 353670
834 352685
834 351700
834 350715
834 349730
834 348745
834 347760
834 346775
834 345790
834 344805
834 343820
834 342835
834 341850
834 340865
834 339880
834 338895
834 337910
834 336925
834 335940
834 334955
834 333970
834 332985
834 332000
834 331015
834 330030
834 329045
834 328060
834 327075
834 326090
834 325105
834 324120
834 323135
834 322150
834 321165
834 320180
834 319195
834 318210
834 317225
834 316240
834 315255
834 314270
834 313285
834 312300
834 311315
834 310330
834 309345
834 308360
834 307375
834 306390
834 305405
834 304420
834 303435
834 302450
834 301465
834 300480
834 299495
834 298510
834 297525
834 296540
834 295555
834 294570
834 293585
834 292600
834 291615
834 290630
834 289645
834 288660
834 287675
834 286690
834 285705
834 284720
834 283735
834 282750
834 281765
834 280780
834 279795
834 278810
834 277825
834 276840
834 275855
834 274870
834 273885
834 272900
834 271915
834 270930
834 269945
834 268960
834 267975
834 266990
834 266005
834 265020
834 264035
834 263050
834 262065
834 261080
834 260095
834 259110
834 258125
834 257140
834 256155
834 255170
834 254185
834 253200
834 252215
834 251230
834 250245
834 249260
834 248275
834 247290
834 246305
834 245320
834 244335
834 243350
834 242365
834 241380
834 240395
834 239410
834 238425
834 237440
834 236455
834 235470
834 234485
834 233500
834 232515
834 231530
245 235750
245 235000
245 234250
245 233500
192 234411
96 237201
96 236294
790 239106
790 237975
790 236844
670 238019
670 237157
454 238071
40 238159
779 240147
779 239240
528 240189
303 241622
238 242174
906 242336
577 243343
837 244560
120 247002
554 248321
554 247145
895 254774
895 251190
895 247606
506 250013
506 248983
506 247953
197 258973
197 258077
197 257181
197 256285
197 255389
197 254493
197 253597
197 252701
197 251805
197 250909
197 250013
197 249117
577 260385
577 259445
577 258505
577 257565
577 256625
577 255685
577 254745
577 253805
577 252865
577 251925
577 250985
577 250045
412 252045
412 251060
412 250075
896 250301
454 286537
454 285697
454 284857
454 284017
454 283177
454 282337
454 281497
454 280657
454 279817
454 278977
454 278137
454 277297
454 276457
454 275617
454 274777
454 273937
454 273097
454 272257
454 271417
454 270577
454 269737
454 268897
454 268057
454 267217
454 266377
454 265537
454 264697
454 263857
454 263017
454 262177
454 261337
454 260497
454 259657
454 258817
454 257977
454 257137
454 256297
454 255457
454 254617
454 253777
454 252937
454 252097
454 251257
568 263282
568 262185
568 261088
568 259991
568 258894
568 257797
568 256700
568 255603
568 254506
568 253409
568 252312
407 269480
407 268640
407 267800
407 266960
407 266120
407 265280
407 264440
407 263600
407 262760
407 261920
407 261080
407 260240
407 259400
505 262069
505 261005
659 266031
804 269711
804 268838
804 267965
326 270032
636 280792
636 279751
636 278710
636 277669
636 276628
636 275587
636 274546
636 273505
636 272464
143 283838
143 283166
143 282494
143 281822
143 281150
143 280478
143 279806
143 279134
143 278462
143 277790
143 277118
143 276446
143 275774
143 275102
143 274430
143 273758
143 273086
88 352488
88 351716
88 350944
88 350172
88 349400
88 348628
88 347856
88 347084
88 346312
88 345540
88 344768
88 343996
88 343224
88 342452
88 341680
88 340908
88 340136
88 339364
88 338592
88 337820
88 337048
88 336276
88 335504
88 334732
88 333960
88 333188
88 332416
88 331644
88 330872
88 330100
88 329328
88 328556
88 327784
88 327012
88 326240
88 325468
88 324696
88 323924
88 323152
88 322380
88 321608
88 320836
88 320064
88 319292
88 318520
88 317748
88 316976
88 316204
88 315432
88 314660
88 313888
88 313116
88 312344
88 311572
88 310800
88 310028
88 309256
88 308484
88 307712
88 306940
88 306168
88 305396
88 304624
88 303852
88 303080
88 302308
88 301536
88 300764
88 299992
88 299220
88 298448
88 297676
88 296904
88 296132
88 295360
88 294588
88 293816
88 293044
88 292272
88 291500
88 290728
88 289956
88 289184
88 288412
88 287640
88 286868
88 286096
88 285324
88 284552
88 283780
88 283008
88 282236
88 281464
88 280692
88 279920
88 279148
88 278376
88 277604
88 276832
312 278273
436 297742
436 296835
436 295928
436 295021
436 294114
436 293207
436 292300
436 291393
436 290486
436 289579
436 288672
436 287765
436 286858
436 285951
436 285044
436 284137
436 283230
436 282323
436 281416
436 280509
436 279602
595 280407
830 282544
830 281615
389 282493
673 283326
673 282531
36 283013
659 285934
659 285038
115 286297
305 299246
305 298182
305 297118
305 296054
305 294990
305 293926
305 292862
305 291798
305 290734
305 289670
305 288606
305 287542
305 286478
896 305921
896 304992
896 304063
896 303134
896 302205
896 301276
896 300347
896 299418
896 298489
896 297560
896 296631
896 295702
896 294773
896 293844
896 292915
896 291986
896 291057
896 290128
896 289199
896 288270
470 289570
418 289638
810 290909
331 292660
362 302783
362 302078
362 301373
362 300668
362 299963
362 299258
362 298553
362 297848
362 297143
362 296438
362 295733
362 295028
362 294323
362 293618
362 292913
633 296872
633 296200
633 295528
633 294856
469 304456
469 303437
469 302418
469 301399
469 300380
469 299361
469 298342
469 297323
469 296304
469 295285
757 295851
237 299666
237 298983
237 298300
237 297617
828 316199
828 315259
828 314319
828 313379
828 312439
828 311499
828 310559
828 309619
828 308679
828 307739
828 306799
828 305859
828 304919
828 303979
828 303039
828 302099
828 301159
828 300219
828 299279
828 298339
895 302080
895 298496
858 298602
362 302015
362 301310
362 300605
492 300800
538 302097
681 304863
681 303889
158 304053
620 313499
620 312559
620 311619
620 310679
620 309739
620 308799
620 307859
620 306919
620 305979
620 305039
532 307172
532 306377
192 307367
118 314891
118 314186
118 313481
118 312776
118 312071
118 311366
118 310661
118 309956
118 309251
118 308546
664 312013
58 313161
880 315117
791 318270
791 317341
791 316412
188 320198
188 316491
403 335440
403 334724
403 334008
403 333292
403 332576
403 331860
403 331144
403 330428
403 329712
403 328996
403 328280
403 327564
403 326848
403 326132
403 325416
403 324700
403 323984
403 323268
403 322552
403 321836
403 321120
403 320404
403 319688
403 318972
403 318256
403 317540
620 318736
128 322028
128 321020
128 320012
837 321587
837 320647
837 324430
837 325465
110 332945
110 332016
110 331087
110 330158
110 329229
110 328300
110 327371
110 326442
48 326727
478 327549
26 328616
26 327743
820 333439
820 332297
820 331155
820 330013
820 328871
698 330571
698 329619
578 333183
578 332187
578 331191
478 331222
198 332146
898 332174
533 333459
523 338450
523 334183
346 334365
61 334543
644 336053
644 334911
192 351438
192 347720
192 344002
192 340284
192 336566
895 336575
802 336729
286 337675
26 337811
59 338710
831 343679
831 342996
831 342313
831 341630
831 340947
831 340264
831 339581
831 338898
253 339955
253 339048
101 342184
101 341389
101 340594
101 339799
795 340834
21 343156
21 341980
445 342253
332 349520
332 348804
332 348088
332 347372
332 346656
332 345940
332 345224
332 344508
332 343792
332 343076
332 342360
396 342755
435 342879
274 344192
274 343039
646 343274
601 343296
588 345717
796 350115
796 349242
796 348369
796 347496
5 350038
5 348907
5 347776
394 357210
394 356191
394 355172
394 354153
394 353134
394 352115
394 351096
394 350077
96 352735
96 351828
96 350921
675 355453
675 354345
861 364851
861 363675
861 362499
861 361323
861 360147
861 358971
861 357795
321 358756
321 357827
843 366520
822 367961
870 368124
763 368157
271 370155
337 373448
369 373787
841 380761
841 379832
841 378903
841 377974
841 377045
841 376116
841 375187
841 374258
513 391821
513 390847
513 389873
513 388899
513 387925
513 386951
513 385977
513 385003
513 384029
513 383055
513 382081
513 381107
513 380133
513 379159
513 378185
513 377211
513 376237
513 375263
513 374289
198 374350
197 376481
197 375585
21 376852
379 379390
47 387492
47 386440
47 385388
47 384336
47 383284
47 382232
47 381180
827 381939
711 382263
681 403473
681 402499
681 401525
209 405931
209 405136
209 404341
209 403546
159 406906
159 406212
159 405518
159 404824
159 404130
159 406415
159 405721
159 405027
159 404333
77 423260
77 422107
77 420954
77 419801
77 418648
77 417495
77 416342
77 415189
77 414036
77 412883
77 411730
77 410577
77 409424
77 408271
77 407118
77 405965
634 409148
634 408096
634 407044
857 407258
879 410473
760 413480
760 412484
760 411488
379 411763
872 411845
17 412440
274 414778
274 413625
274 412472
234 413673
370 414852
620 415123
263 415842
141 418483
141 422689
141 421894
141 421099
141 420304
600 421519
16 421820
701 431717
701 430586
701 429455
491 429794
834 430661
96 442348
96 441441
96 440534
96 439627
96 438720
96 437813
96 436906
96 435999
400 440062
400 439211
400 438360
400 437509
17 438649
17 437574
206 438353
896 442188
896 441259
896 440330
896 439401
435 440597
435 439578
270 443402
270 442585
270 441768
270 440951
59 441597
528 442572
528 441699
268 441907
412 444743
412 443758
412 442773
63 442954
897 442955
742 448928
742 446375
742 443822
445 445410
445 444738
445 444066
284 446186
284 445223
284 444260
610 445181
220 455179
220 454272
220 453365
220 452458
220 451551
220 450644
220 449737
220 448830
220 447923
220 447016
220 446109
220 445202
796 446273
686 449268
686 448372
686 447476
860 448652
294 450833
834 452833
834 451848
896 452814
533 453303
208 454062
850 454062
110 456149
278 457516
757 458138
726 458556
481 458918
880 459102
310 459991
834 480790
834 479805
834 478820
834 477835
834 476850
834 475865
834 474880
834 473895
834 472910
834 471925
834 470940
834 469955
834 468970
834 467985
834 467000
834 466015
834 465030
834 464045
834 463060
332 464449
667 465506
502 466689
738 468440
738 467455
514 564704
514 561770
514 558836
514 555902
514 552968
514 550034
514 547100
514 544166
514 541232
514 538298
514 535364
514 532430
514 529496
514 526562
514 523628
514 520694
514 517760
514 514826
514 511892
514 508958
514 506024
514 503090
514 500156
514 497222
514 494288
514 491354
514 488420
514 485486
514 482552
514 479618
514 476684
514 473750
22 482714
22 481639
22 480564
22 479489
22 478414
22 477339
22 476264
22 475189
22 474114
477 476419
477 475691
850 476397
525 479598
525 478747
664 479804
904 481002
779 484355
779 483448
528 493025
528 492152
528 491279
528 490406
528 489533
528 488660
528 487787
528 486914
528 486041
528 485168
528 484295
337 489317
337 488489
834 507314
834 506329
834 505344
834 504359
834 503374
834 502389
834 501404
834 500419
834 499434
834 498449
834 497464
834 496479
834 495494
834 494509
834 493524
834 492539
834 491554
834 490569
834 489584
888 492134
870 503854
870 502824
870 501794
870 500764
870 499734
870 498704
870 497674
870 496644
870 495614
870 494584
649 496486
326 500007
577 501970
577 501030
577 500090
454 509234
454 508394
454 507554
454 506714
454 505874
454 505034
454 504194
454 503354
454 502514
283 502591
468 503342
568 505722
568 504625
431 514689
491 517157
198 532651
198 531554
198 530457
198 529360
198 528263
198 527166
198 526069
198 524972
198 523875
896 540217
896 539288
896 538359
896 537430
896 536501
896 535572
896 534643
896 533714
244 543118
244 542099
244 541080
244 540061
244 539042
244 538023
244 537004
244 535985
244 534966
244 533947
834 536846
834 535861
113 537935
113 537051
555 556279
555 555204
555 554129
555 553054
555 551979
555 550904
555 549829
555 548754
555 547679
555 546604
555 545529
555 544454
555 543379
555 542304
555 541229
555 540154
555 539079
555 538004
286 539422
601 548269
601 547149
601 546029
601 544909
601 543789
601 542669
601 541549
566 552775
566 552014
566 551253
566 550492
566 549731
566 548970
566 548209
566 547448
566 546687
566 545926
566 545165
566 544404
566 543643
636 545969
636 544928
143 547516
143 546844
143 546172
454 548095
454 547255
584 548940
584 548056
485 550403
485 549317
673 555824
673 555029
673 554234
673 553439
673 552644
673 551849
673 551054
673 550259
673 549464
726 551357
726 550585
779 552365
779 551458
258 554479
258 553662
418 554670
418 553662
88 562929
88 562157
88 561385
88 560613
88 559841
88 559069
88 558297
88 557525
88 556753
88 555981
88 555209
88 554437
88 553665
645 553960
14 558108
14 557123
14 556138
668 559096
668 558413
668 557730
668 557047
120 559096
120 558144
502 559452
502 558478
566 562798
566 562037
566 561276
566 560515
220 562403
220 561496
220 560589
863 561553
863 560601
547 561627
547 560631
313 561404
443 565770
443 564863
443 563956
305 574020
305 572956
469 597890
469 596871
469 595852
469 594833
469 593814
469 592795
469 591776
469 590757
469 589738
469 588719
469 587700
469 586681
469 585662
469 584643
469 583624
469 582605
469 581586
469 580567
469 579548
339 584482
339 583486
639 617060
639 616187
639 615314
639 614441
639 613568
639 612695
639 611822
639 610949
639 610076
639 609203
639 608330
639 607457
639 606584
639 605711
639 604838
639 603965
639 603092
639 602219
639 601346
639 600473
639 599600
639 598727
469 603874
469 602855
469 601836
837 605580
158 618563
61 624975
61 623934
61 622893
434 
1 1
623 478 218
3 1
5954 210 120
4 1
7497 579 313
5 1
9291 815 56
9 1
13189 274 61
10 1
14886 243 177
12 1
15002 404 311
13 1
19530 585 302
15 1
23597 645 80
16 1
23780 900 292
17 1
25249 684 4
18 1
26378 274 61
20 1
26383 618 227
21 1
26584 374 153
24 1
28547 620 281
25 1
28794 469 162
27 1
29773 243 177
28 1
31001 688 189
31 1
33920 861 267
32 1
34350 554 212
33 1
38428 569 220
36 1
40681 584 192
37 1
40681 118 212
38 1
40845 303 311
39 1
44919 355 163
40 1
47560 900 292
41 1
48499 659 201
48 1
56200 72 312
50 1
57666 112 37
54 1
61021 578 223
55 1
61272 888 150
56 1
62210 354 207
57 1
63005 796 72
59 1
64165 326 311
60 1
65302 224 266
62 1
66506 117 245
63 1
66757 438 65
65 1
67618 880 233
66 1
67620 36 286
67 1
68658 206 314
68 1
68664 258 70
69 1
68701 554 212
73 1
70845 841 292
74 1
70921 701 291
75 1
71076 33 228
77 1
71298 470 227
79 1
73439 118 21
80 1
73525 863 47
81 1
73622 75 139
83 1
75397 539 321
84 1
75527 158 309
85 1
76824 682 318
86 1
76976 558 215
87 1
76976 558 215
89 1
79898 450 309
90 1
80283 618 46
91 1
83242 794 238
93 1
84392 841 301
94 1
84744 667 50
95 1
86704 299 44
96 1
86951 505 93
97 1
88082 614 1
98 1
89915 551 243
99 1
90037 606 141
100 1
90387 208 11
104 1
93570 378 72
105 1
93613 331 224
106 1
94492 490 134
107 1
94563 317 45
108 1
95481 558 18
109 1
95533 188 143
111 1
95665 757 243
112 1
95812 581 233
114 1
96697 880 277
115 1
97132 896 297
118 1
101238 846 222
119 1
104443 255 116
122 1
106785 244 154
123 1
107083 502 143
126 1
110182 258 105
127 1
112574 244 266
129 1
113375 489 290
130 1
114993 683 46
132 1
115071 362 233
133 1
115989 456 44
134 1
116111 894 270
135 1
116750 245 55
140 1
122280 837 201
141 1
123605 468 176
142 1
124696 688 120
143 1
127046 430 317
144 1
128020 857 1
148 1
134701 858 152
149 1
135063 454 154
151 1
135084 564 264
152 1
135113 472 245
153 1
135221 779 103
154 1
135842 655 232
158 1
139801 436 229
159 1
140475 475 177
160 1
140765 713 218
163 1
142811 859 39
165 1
142874 332 198
167 1
143962 745 9
169 1
144796 513 228
171 1
145898 795 37
172 1
147181 196 40
175 1
149248 5 158
176 1
149539 53 161
177 1
150751 418 266
178 1
151568 263 278
179 1
152808 620 87
180 1
153952 443 215
185 1
157575 661 212
187 1
158474 113 167
188 1
158645 883 307
189 1
159368 620 227
190 1
160566 827 46
191 1
160651 485 277
192 1
160835 522 60
193 1
160873 402 206
195 1
162774 400 183
196 1
163049 620 103
197 1
163424 346 74
198 1
164278 145 55
199 1
166484 794 238
200 1
168785 841 301
201 1
169524 895 248
202 1
169740 232 133
203 1
171906 346 284
204 1
173060 32 69
206 1
173902 505 93
207 1
174244 779 140
209 1
175073 673 207
210 1
176449 40 80
211 1
177800 266 97
213 1
178757 792 227
214 1
180011 234 159
215 1
180666 1 96
218 1
183367 402 165
219 1
184415 381 262
221 1
186645 477 284
222 1
187129 841 90
223 1
187524 40 155
228 1
193185 141 106
229 1
193324 332 74
231 1
194471 344 110
235 1
195394 489 77
237 1
196832 524 242
238 1
197706 677 192
239 1
198574 857 217
240 1
200762 681 241
242 1
205881 379 138
243 1
205881 379 138
244 1
206261 350 211
245 1
207590 566 280
246 1
207921 263 59
249 1
210153 610 24
252 1
212377 12 10
253 1
212410 740 3
255 1
213360 646 26
256 1
214238 502 242
259 1
215567 673 16
260 1
216455 158 258
265 1
219700 896 222
266 1
219700 896 222
267 1
220953 17 122
268 1
222517 238 325
269 1
223208 118 297
270 1
225744 148 318
273 1
226750 489 290
274 1
229987 683 46
275 1
230143 362 233
276 1
230143 362 233
277 1
231530 834 95
278 1
231530 834 95
281 1
233500 245 55
283 1
234411 192 89
286 1
236294 96 171
287 1
236844 790 186
288 1
237157 670 255
291 1
238071 454 117
294 1
238159 40 54
296 1
239240 779 46
297 1
240189 528 5
299 1
241622 303 134
300 1
242174 238 259
301 1
242336 906 185
302 1
243343 577 91
304 1
244560 837 201
306 1
247002 120 187
307 1
247145 554 41
308 1
247606 895 325
309 1
247953 506 35
312 1
249117 197 120
313 1
250045 577 91
314 1
250075 412 164
315 1
250301 896 139
316 1
251257 454 108
317 1
252312 568 113
321 1
259400 407 112
322 1
261005 505 265
324 1
266031 659 185
325 1
267965 804 208
326 1
270032 326 287
329 1
272464 636 138
330 1
273086 143 78
332 1
276832 88 304
333 1
278273 312 17
335 1
279602 436 229
337 1
280407 595 254
338 1
281615 830 205
340 1
282493 389 170
341 1
282531 673 216
342 1
283013 36 69
343 1
285038 659 262
345 1
286297 115 84
346 1
286478 305 240
347 1
288270 896 188
349 1
289570 470 133
350 1
289638 418 322
352 1
290909 810 4
355 1
292660 331 224
356 1
292913 362 306
358 1
294856 633 299
359 1
295285 469 190
360 1
295851 757 3
363 1
297617 237 236
365 1
298339 828 1
366 1
298496 895 158
368 1
298602 858 57
371 1
300605 362 89
373 1
300800 492 86
374 1
302097 538 192
377 1
303889 681 1
378 1
304053 158 35
379 1
305039 620 142
381 1
306377 532 40
382 1
307367 192 95
383 1
308546 118 154
385 1
312013 664 238
390 1
313161 58 110
391 1
315117 880 92
394 1
316412 791 97
395 1
316491 188 143
397 1
317540 403 246
399 1
318736 620 227
400 1
320012 128 108
401 1
320647 837 190
403 1
324430 837 205
404 1
325465 837 161
407 1
326442 110 12
409 1
326727 48 274
410 1
327549 478 99
412 1
327743 26 111
415 1
328871 820 186
416 1
329619 698 78
418 1
331191 578 43
419 1
331222 478 288
421 1
332146 198 76
423 1
332174 898 59
424 1
348745 834 221
426 1
333459 533 32
428 1
334183 523 129
430 1
334365 346 136
432 1
334543 61 140
433 1
334911 644 301
436 1
336566 192 17
437 1
336575 895 236
439 1
336729 802 158
442 1
337675 286 289
443 1
337811 26 36
445 1
338710 59 173
447 1
338898 831 305
449 1
339048 253 248
450 1
339799 101 39
452 1
340834 795 127
454 1
341980 21 27
455 1
342253 445 238
456 1
342360 332 50
457 1
342755 396 158
458 1
342879 435 67
459 1
343039 274 204
461 1
343274 646 212
462 1
343296 601 234
465 1
345717 588 320
467 1
347496 796 277
468 1
347776 5 224
470 1
350077 394 47
471 1
350921 96 317
473 1
354345 675 29
474 1
357795 861 260
475 1
357827 321 299
479 1
366520 843 85
480 1
367961 822 93
481 1
368124 870 111
482 1
368157 763 243
485 1
370155 271 174
487 1
373448 337 41
488 1
373787 369 295
489 1
374258 841 90
490 1
374289 513 265
491 1
374350 198 52
493 1
375585 197 248
495 1
376852 21 34
497 1
379390 379 17
498 1
381180 47 111
499 1
381939 827 214
501 1
381956 827 214
502 1
382263 711 175
507 1
401525 681 241
508 1
403546 209 73
509 1
404130 159 317
510 1
404333 159 317
512 1
405965 77 26
513 1
407044 634 276
514 1
407258 857 96
517 1
410473 879 148
521 1
411488 760 256
522 1
411763 379 138
523 1
411845 872 98
524 1
412440 17 163
525 1
412472 274 61
526 1
413673 234 20
527 1
414852 370 119
528 1
415123 620 227
529 1
415842 263 59
532 1
418483 141 292
533 1
420304 141 95
535 1
421519 600 242
536 1
421820 16 289
547 1
429455 701 312
548 1
429794 491 218
549 1
430661 834 239
555 1
435999 96 20
557 1
437509 400 61
558 1
437574 17 186
559 1
438353 206 222
560 1
439401 896 222
561 1
439578 435 272
562 1
440951 270 271
564 1
441597 59 141
565 1
441699 528 234
568 1
441907 268 122
569 1
442773 412 13
570 1
442954 63 56
571 1
442955 897 309
573 1
443822 742 130
575 1
444066 445 5
576 1
444260 284 115
577 1
445181 610 132
578 1
445202 220 296
580 1
446273 796 103
582 1
447476 686 313
583 1
448652 860 67
584 1
450833 294 154
586 1
451848 834 90
587 1
452814 896 242
589 1
453303 533 35
590 1
454062 208 11
591 1
454062 850 187
592 1
456149 110 61
595 1
457516 278 146
596 1
458138 757 191
597 1
458556 726 107
598 1
458918 481 142
599 1
459102 880 228
600 1
459991 310 97
601 1
463060 834 95
603 1
464449 332 198
605 1
465506 667 18
606 1
466689 502 203
607 1
467455 738 184
609 1
473750 514 197
610 1
474114 22 212
611 1
475691 477 308
612 1
476397 850 47
613 1
478747 525 231
614 1
479804 664 181
616 1
481002 904 9
617 1
483448 779 16
619 1
484295 528 47
622 1
488489 337 253
623 1
489584 834 101
624 1
492134 888 277
627 1
494584 870 249
628 1
496486 649 206
631 1
500007 326 171
632 1
500090 577 91
634 1
502514 454 108
635 1
502591 283 125
637 1
503342 468 298
639 1
504625 568 113
643 1
514689 431 149
644 1
517157 491 67
647 1
523875 198 74
649 1
533714 896 5
650 1
533947 244 283
651 1
535861 834 74
652 1
537051 113 45
654 1
538004 555 284
656 1
539422 286 28
657 1
541549 601 16
658 1
543643 566 264
660 1
544928 636 138
661 1
546172 143 78
663 1
547255 454 209
666 1
548056 584 170
667 1
549317 485 18
668 1
549464 673 231
672 1
550585 726 293
673 1
551458 779 140
675 1
553662 258 105
677 1
553662 418 309
678 1
553665 88 304
680 1
553960 645 181
682 1
556138 14 169
684 1
557047 668 78
688 1
558144 120 37
689 1
558478 502 207
693 1
560515 566 137
694 1
560589 220 296
695 1
560601 863 166
696 1
560631 547 136
698 1
561404 313 309
701 1
563956 443 322
705 1
572956 305 240
708 1
579548 469 259
712 1
583486 339 190
713 1
598727 639 298
714 1
601836 469 164
715 1
605580 837 127
716 1
618563 158 297
717 1
622893 61 140
2734654 
