3990 
82 1398
82 400
86 2880
86 1967
124 4135
124 3173
100 4522
102 6261
102 5190
92 11709
123 16369
102 24106
102 23035
102 21964
102 20893
102 19822
102 18751
102 17680
102 16609
86 19655
86 18742
98 21190
98 20289
124 22316
124 21354
82 22406
82 21408
97 23868
97 22711
69 22781
27 43845
27 42737
27 41629
27 40521
27 39413
27 38305
27 37197
27 36089
27 34981
27 33873
27 32765
27 31657
27 30549
27 29441
27 28333
27 27225
27 26117
27 25009
27 23901
122 24929
64 25921
64 24996
82 32075
82 31077
82 30079
82 29081
82 28083
82 27085
82 26087
82 25089
10 36182
10 35403
10 34624
10 33845
10 33066
10 32287
10 31508
10 30729
10 29950
10 29171
10 28392
10 27613
10 26834
10 26055
82 28313
82 27315
86 31013
86 30100
122 32019
122 34761
92 35757
92 34929
117 35937
82 36112
95 46611
95 45406
95 44201
95 42996
95 41791
95 40586
95 39381
95 38176
95 36971
10 37106
86 38042
86 37129
10 42116
10 41337
10 40558
10 39779
92 64572
92 63744
92 62916
92 62088
92 61260
92 60432
92 59604
92 58776
92 57948
92 57120
92 56292
92 55464
92 54636
92 53808
92 52980
92 52152
92 51324
92 50496
92 49668
92 48840
92 48012
92 47184
92 46356
92 45528
92 44700
10 54391
53 55140
27 58914
82 68752
82 67754
82 66756
82 65758
82 64760
82 63762
82 62764
82 61766
55 63768
122 64993
122 65367
72 66429
122 66635
27 76524
27 75416
27 74308
27 73200
27 72092
27 70984
27 69876
10 72715
117 91975
117 88955
117 85935
117 82915
117 79895
117 76875
117 73855
122 74822
25 83058
25 81877
25 80696
25 79515
25 78334
82 87309
82 86311
82 85313
82 84315
82 83317
82 82319
97 84358
27 89147
27 88039
27 86931
27 85823
27 84715
122 93491
122 92724
122 91957
122 91190
122 90423
122 89656
122 88889
122 88122
124 113473
124 112511
124 111549
124 110587
124 109625
124 108663
124 107701
124 106739
124 105777
124 104815
124 103853
124 102891
124 101929
124 100967
124 100005
124 99043
124 98081
124 97119
124 96157
124 95195
124 94233
97 96939
97 95782
97 94625
27 100719
55 103812
55 102862
55 101912
122 102998
92 105411
117 187166
117 184146
117 181126
117 178106
117 175086
117 172066
117 169046
117 166026
117 163006
117 159986
117 156966
117 153946
117 150926
117 147906
117 144886
117 141866
117 138846
117 135826
117 132806
117 129786
117 126766
117 123746
117 120726
117 117706
117 114686
117 111666
117 108646
87 111498
55 112633
10 113632
92 216618
92 215790
92 214962
92 214134
92 213306
92 212478
92 211650
92 210822
92 209994
92 209166
92 208338
92 207510
92 206682
92 205854
92 205026
92 204198
92 203370
92 202542
92 201714
92 200886
92 200058
92 199230
92 198402
92 197574
92 196746
92 195918
92 195090
92 194262
92 193434
92 192606
92 191778
92 190950
92 190122
92 189294
92 188466
92 187638
92 186810
92 185982
92 185154
92 184326
92 183498
92 182670
92 181842
92 181014
92 180186
92 179358
92 178530
92 177702
92 176874
92 176046
92 175218
92 174390
92 173562
92 172734
92 171906
92 171078
92 170250
92 169422
92 168594
92 167766
92 166938
92 166110
92 165282
92 164454
92 163626
92 162798
92 161970
92 161142
92 160314
92 159486
92 158658
92 157830
92 157002
92 156174
92 155346
92 154518
92 153690
92 152862
92 152034
92 151206
92 150378
92 149550
92 148722
92 147894
92 147066
92 146238
92 145410
92 144582
92 143754
92 142926
92 142098
92 141270
92 140442
92 139614
92 138786
92 137958
92 137130
92 136302
92 135474
92 134646
92 133818
92 132990
92 132162
92 131334
92 130506
92 129678
92 128850
92 128022
92 127194
92 126366
92 125538
92 124710
92 123882
92 123054
92 122226
92 121398
92 120570
92 119742
92 118914
92 118086
92 117258
92 116430
92 115602
92 114774
82 117087
82 116089
82 115091
53 117241
27 125160
27 124052
27 122944
27 121836
27 120728
27 119620
27 118512
102 121075
102 120004
102 118933
55 124534
55 123584
55 122634
82 127904
82 126906
82 125908
82 134542
82 133544
82 132546
82 131548
82 130550
82 129552
82 128554
82 127556
122 129512
122 128745
82 131959
82 130961
29 151418
29 150237
29 149056
29 147875
29 146694
29 145513
29 144332
29 143151
29 141970
29 140789
29 139608
29 138427
29 137246
122 139507
27 161978
27 160870
27 159762
27 158654
27 157546
27 156438
27 155330
27 154222
27 153114
27 152006
27 150898
27 149790
27 148682
27 147574
27 146466
27 145358
27 144250
27 143142
86 144280
124 152322
124 151360
124 150398
124 149436
124 148474
124 147512
124 146550
124 145588
102 157544
102 156473
102 155402
102 154331
102 153260
102 152189
102 151118
102 150047
102 148976
102 147905
102 146834
69 147913
55 161836
55 160886
55 159936
55 158986
55 158036
55 157086
55 156136
55 155186
55 154236
82 157397
82 156399
82 155401
124 157504
124 156542
55 160730
55 159780
55 158830
102 169602
102 168531
102 167460
102 166389
102 165318
102 164247
102 163176
102 162105
102 161034
102 159963
102 158892
82 160030
82 159032
69 183712
69 182860
69 182008
69 181156
69 180304
69 179452
69 178600
69 177748
69 176896
69 176044
69 175192
69 174340
69 173488
69 172636
69 171784
69 170932
69 170080
69 169228
69 168376
69 167524
69 166672
69 165820
69 164968
69 164116
123 165029
53 166478
10 169882
87 172087
122 173362
55 175987
55 175037
124 177936
124 176974
27 178169
27 177061
102 187082
102 186011
102 184940
102 183869
102 182798
102 181727
102 180656
102 179585
102 178514
102 177443
124 184370
124 183408
122 239637
122 238870
122 238103
122 237336
122 236569
122 235802
122 235035
122 234268
122 233501
122 232734
122 231967
122 231200
122 230433
122 229666
122 228899
122 228132
122 227365
122 226598
122 225831
122 225064
122 224297
122 223530
122 222763
122 221996
122 221229
122 220462
122 219695
122 218928
122 218161
122 217394
122 216627
122 215860
122 215093
122 214326
122 213559
122 212792
122 212025
122 211258
122 210491
122 209724
122 208957
122 208190
122 207423
122 206656
122 205889
122 205122
122 204355
122 203588
122 202821
122 202054
122 201287
122 200520
122 199753
122 198986
122 198219
122 197452
122 196685
122 195918
122 195151
122 194384
122 193617
122 192850
122 192083
122 191316
122 190549
122 189782
122 189015
122 188248
122 187481
122 186714
122 185947
55 197820
55 196870
55 195920
55 194970
55 194020
55 193070
55 192120
55 191170
55 190220
55 189270
55 188320
37 189251
57 190345
57 191614
23 195215
23 194168
23 193121
82 214156
82 213158
82 212160
82 211162
82 210164
82 209166
82 208168
82 207170
82 206172
82 205174
82 204176
82 203178
82 202180
82 201182
82 200184
82 199186
82 198188
82 197190
82 196192
82 195194
69 206227
102 207725
102 206654
69 209898
102 213196
102 212125
102 211054
82 215637
82 214639
82 213641
23 216866
23 215819
23 214772
92 215974
92 215146
117 234381
117 231361
117 228341
117 225321
117 222301
117 219281
117 216261
41 217283
117 226353
117 223333
117 220313
117 217293
92 220037
100 220847
92 223634
53 224771
92 227492
92 226664
92 225836
92 225008
87 230602
87 229872
87 229142
87 228412
92 228481
92 229389
92 240312
92 239484
92 238656
92 237828
92 237000
92 236172
92 235344
92 234516
92 233688
92 232860
92 232032
92 231204
92 230376
92 229548
123 231974
57 243093
123 243132
122 244053
102 244207
82 246375
124 248450
124 247488
124 246526
102 252330
102 251259
102 250188
64 251184
64 250259
122 251578
69 253822
86 255063
86 254150
122 256284
92 257666
100 260965
92 262536
55 270207
55 269257
55 268307
55 267357
55 266407
55 265457
55 264507
55 263557
55 262607
123 263550
122 265967
92 267109
92 280281
92 279453
92 278625
92 277797
92 276969
92 276141
92 275313
92 274485
92 273657
92 272829
92 272001
92 271173
92 270345
92 269517
92 278259
92 277431
92 276603
92 275775
92 274947
92 274119
92 273291
92 272463
92 271635
92 270807
69 271828
69 270976
100 274721
100 273674
29 275674
29 274493
82 277728
82 276730
82 275732
82 274734
124 294829
124 293867
124 292905
124 291943
124 290981
124 290019
124 289057
124 288095
124 287133
124 286171
124 285209
124 284247
124 283285
124 282323
124 281361
124 280399
124 279437
124 278475
124 277513
124 276551
124 275589
55 278241
55 277291
122 292956
122 292189
122 291422
122 290655
122 289888
122 289121
122 288354
122 287587
122 286820
122 286053
122 285286
122 284519
122 283752
122 282985
122 282218
53 282886
57 288235
55 292283
55 291333
55 290383
55 289433
92 292726
122 295670
122 294903
122 294136
123 294379
86 297688
86 296775
102 316090
102 315019
102 313948
102 312877
102 311806
102 310735
102 309664
102 308593
102 307522
102 306451
102 305380
102 304309
102 303238
102 302167
102 301096
102 300025
102 298954
102 297883
102 296812
117 297898
122 299224
122 303670
122 302903
122 302136
122 301369
57 306598
86 330227
86 329314
86 328401
86 327488
86 326575
86 325662
86 324749
86 323836
86 322923
86 322010
86 321097
86 320184
86 319271
86 318358
86 317445
86 316532
86 315619
86 314706
86 313793
86 312880
86 311967
86 311054
92 318166
92 317338
117 329276
92 329309
69 330514
69 329662
117 350129
117 347109
117 344089
117 341069
117 338049
117 335029
117 332009
55 339040
55 338090
55 341107
55 340157
124 351294
124 350332
123 354123
23 362477
23 361430
23 360383
23 359336
23 358289
23 357242
23 356195
23 355148
57 355257
86 356874
86 355961
82 363039
82 362041
82 361043
82 360045
82 359047
82 358049
82 357051
82 356053
122 357561
92 368876
92 368048
92 367220
92 366392
92 365564
92 364736
92 363908
92 363080
92 362252
92 361424
92 360596
92 359768
92 358940
102 367165
102 366094
102 365023
102 363952
102 362881
102 361810
102 360739
102 359668
122 362476
82 364169
82 363171
97 370295
97 369138
97 367981
97 366824
97 365667
97 364510
97 363353
92 371001
92 370173
92 369345
92 368517
92 367689
92 366861
92 366033
92 365205
92 364377
92 363549
82 371644
82 370646
82 369648
82 368650
82 367652
82 366654
82 365656
82 364658
27 365993
82 378114
82 377116
82 376118
82 375120
82 374122
82 373124
82 372126
82 371128
82 370130
82 369132
82 368134
82 367136
102 368510
102 367439
27 368240
122 368610
122 376383
122 375616
122 374849
122 374082
122 373315
122 372548
122 371781
122 371014
122 370247
122 369480
122 368713
82 379499
82 378501
82 377503
82 376505
82 375507
82 374509
82 373511
82 372513
82 371515
82 370517
82 369519
55 369658
92 371857
29 378980
29 377799
29 376618
29 375437
29 374256
29 373075
29 371894
69 375528
69 374676
55 377788
55 376838
82 390468
82 389470
82 388472
82 387474
82 386476
82 385478
82 384480
82 383482
82 382484
82 381486
82 380488
82 379490
57 382080
57 381338
57 380596
57 382080
57 381338
57 380596
55 381589
55 380639
92 385042
92 384214
92 383386
92 382558
92 381730
92 380902
92 393138
92 392310
92 391482
92 390654
92 389826
92 388998
92 388170
92 387342
92 386514
92 385686
92 384858
92 384030
92 383202
102 384398
102 383327
92 385301
92 384473
86 386129
86 385216
82 386242
82 385244
102 390302
102 389231
102 388160
55 389860
55 388910
82 397288
82 396290
82 395292
82 394294
82 393296
82 392298
82 391300
82 390302
102 393715
102 392644
102 391573
55 393943
122 395271
102 396349
102 395278
122 405757
122 404990
122 404223
122 403456
122 402689
122 401922
122 401155
122 400388
122 399621
122 398854
123 401069
124 413631
124 412669
124 411707
124 410745
124 409783
124 408821
124 407859
124 406897
124 405935
124 404973
124 404011
82 405441
122 408897
57 417007
69 419077
69 418225
55 420341
55 419391
122 422978
102 424235
102 423164
57 425899
86 427649
86 426736
55 431346
55 430396
102 453234
102 452163
102 451092
102 450021
102 448950
102 447879
102 446808
102 445737
102 444666
102 443595
102 442524
102 441453
102 440382
102 439311
102 438240
102 437169
102 436098
102 435027
102 433956
102 437702
102 436631
102 435560
92 439841
92 439013
100 441308
100 440261
100 439214
57 447528
102 473969
102 472898
102 471827
102 470756
102 469685
102 468614
102 467543
102 466472
102 465401
102 464330
102 463259
102 462188
102 461117
102 460046
102 458975
102 457904
102 456833
102 455762
102 454691
92 455080
102 458484
102 457413
102 456342
110 461702
110 460667
110 459632
124 460998
124 460036
92 461223
57 462054
102 464624
102 463553
122 473009
117 483793
117 480773
86 482810
86 481897
122 482657
57 482823
124 484902
124 483940
27 491724
27 490616
27 489508
27 488400
27 487292
27 486184
27 485076
55 491177
55 490227
55 489277
55 488327
55 487377
55 486427
122 486573
122 491358
92 492233
92 491405
37 493251
37 492472
122 493630
55 494741
55 493791
117 499891
117 496871
117 493851
122 507158
122 506391
122 505624
122 504857
122 504090
122 503323
122 502556
122 501789
122 501022
122 500255
122 499488
122 498721
122 497954
122 497187
122 496420
122 495653
122 494886
69 503930
92 504564
55 514278
55 513328
55 512378
55 511428
55 510478
55 509528
55 508578
55 507628
55 506678
55 505728
55 504778
117 505937
92 515710
92 514882
92 514054
92 513226
92 512398
92 511570
92 510742
92 509914
92 509086
92 508258
92 510605
92 509777
124 511856
124 510894
86 511076
102 513278
102 512207
37 513874
37 513095
10 513315
122 525713
122 524946
122 524179
122 523412
122 522645
122 521878
122 521111
122 520344
122 519577
122 518810
122 518043
122 517276
122 516509
122 515742
117 516883
102 526957
102 525886
102 524815
102 523744
102 522673
102 521602
102 520531
102 519460
57 522827
10 523390
92 524471
10 534005
82 535515
122 546363
122 545596
122 544829
122 544062
122 543295
122 542528
122 541761
122 540994
122 540227
122 539460
122 538693
122 537926
122 537159
122 536392
123 539059
53 540022
87 540288
92 541572
55 541698
100 552292
100 551245
100 550198
100 549151
100 548104
100 547057
100 546010
100 544963
100 543916
100 542869
117 544966
122 547213
92 557328
92 556500
92 555672
92 554844
92 554016
92 553188
92 552360
92 551532
92 550704
92 549876
92 549048
92 548220
92 547392
55 549460
55 548510
27 550942
27 549834
27 548726
122 550151
82 550187
55 552216
55 551266
97 562717
97 561560
97 560403
97 559246
97 558089
97 556932
97 555775
97 554618
97 553461
102 555654
102 554583
102 553512
82 559908
82 558910
82 557912
82 556914
27 558056
27 556948
102 569021
102 567950
102 566879
102 565808
102 564737
102 563666
102 562595
102 561524
102 560453
102 559382
55 560627
55 559677
92 560695
92 559867
57 559940
86 562835
86 561922
86 570892
124 573318
124 572356
92 581445
92 580617
92 579789
92 578961
92 578133
92 577305
92 576477
92 575649
92 574821
92 573993
122 574009
27 578830
27 577722
27 576614
123 577733
86 578866
122 580987
122 580220
124 582337
124 581375
124 580413
55 581642
92 586775
92 585947
92 585119
92 584291
92 583463
92 582635
92 581807
123 582080
100 590209
100 589162
100 588115
100 587068
100 586021
100 584974
100 583927
100 582880
57 585428
100 586545
100 585498
124 592288
124 591326
124 590364
124 589402
124 588440
124 587478
87 591181
92 595124
92 594296
92 593468
92 592640
55 594968
82 597962
82 596964
82 595966
27 598414
27 597306
27 596198
82 597279
82 596281
55 597434
110 600352
110 599317
110 598282
86 598548
57 599660
82 602799
82 601801
82 600803
122 602116
64 604338
64 603413
64 602488
82 604812
82 603814
102 607073
102 606002
102 604931
124 607019
124 606057
86 607119
86 606206
10 607277
69 610203
69 609351
122 609494
123 611036
92 611749
57 613196
82 619157
82 618159
122 619051
117 619074
82 621589
82 620591
10 621640
110 624836
110 623801
110 622766
86 624503
124 626207
124 625245
92 627433
92 626605
97 631589
97 630432
97 629275
97 628118
97 626961
86 628965
86 628052
100 637004
100 635957
100 634910
100 633863
100 632816
100 631769
100 630722
100 629675
23 630104
82 633558
82 632560
122 637308
122 636541
122 635774
122 635007
122 634240
122 633473
122 632706
86 636299
86 635386
57 635431
122 639006
123 646125
86 646380
92 647538
123 649982
86 658440
86 657527
86 656614
86 655701
86 654788
86 653875
86 652962
86 652049
86 651136
55 653632
82 655651
82 654653
92 655668
122 657462
122 656695
122 655928
53 656904
92 659162
92 658334
102 659477
102 658406
86 659327
86 658414
37 658505
97 663236
97 662079
97 660922
97 659765
97 666752
97 665595
97 664438
97 663281
97 662124
97 660967
97 659810
82 661609
82 660611
122 664382
57 667842
86 667882
100 668114
102 671509
102 670438
102 669367
57 671433
92 671532
102 674915
102 673844
102 672773
122 673013
8 678491
8 677383
8 676275
8 675167
8 674059
82 675450
122 675644
57 677681
10 677940
86 684763
86 683850
86 682937
86 682024
86 681111
86 680198
92 688283
92 687455
57 690147
82 692245
82 691247
82 697936
82 696938
82 695940
27 701690
27 700582
27 699474
122 702478
57 702478
102 704700
92 726228
92 725400
92 724572
92 723744
92 722916
92 722088
92 721260
92 720432
92 719604
92 718776
92 717948
92 717120
92 716292
92 715464
92 714636
92 713808
92 712980
92 712152
92 711324
92 710496
92 709668
92 708840
92 708012
92 707184
92 706356
92 705528
122 706841
122 708441
124 715205
124 714243
124 713281
124 712319
124 711357
124 710395
124 709433
124 708471
57 709454
10 710593
10 712887
117 733704
117 730684
117 727664
117 724644
117 721624
117 718604
117 715584
86 717974
86 717061
10 724109
10 723330
10 722551
10 721772
10 720993
10 720214
10 719435
10 718656
10 717877
10 717098
57 725182
57 724440
57 723698
57 722956
57 722214
57 721472
57 720730
57 719988
57 719246
57 718504
57 717762
82 719949
82 718951
124 720152
124 719190
124 722585
124 721623
82 733689
82 732691
82 731693
82 730695
82 729697
82 728699
82 727701
82 726703
122 737899
122 737132
122 736365
122 735598
122 734831
122 734064
122 733297
122 732530
122 731763
122 730996
122 730229
122 729462
122 728695
122 727928
92 729548
92 728720
10 729955
102 732288
102 731217
92 731495
92 732837
92 736134
10 736248
86 755440
86 754527
86 753614
86 752701
86 751788
86 750875
86 749962
86 749049
86 748136
86 747223
86 746310
86 745397
86 744484
86 743571
86 742658
86 741745
86 740832
86 739919
86 739006
86 738093
86 737180
86 736267
100 747932
100 746885
100 745838
100 744791
100 743744
100 742697
100 741650
100 740603
100 739556
100 738509
92 739868
122 740155
86 746013
86 745100
10 754377
57 755987
122 756739
69 757023
122 777173
122 776406
122 775639
122 774872
122 774105
122 773338
122 772571
122 771804
122 771037
122 770270
122 769503
122 768736
122 767969
122 767202
122 766435
122 765668
122 764901
122 764134
122 763367
122 762600
122 761833
122 761066
122 760299
122 759532
122 758765
122 757998
122 757231
124 759614
98 760811
53 760824
92 761805
92 762795
57 762974
55 765160
55 764210
69 767798
69 766946
86 797152
86 796239
86 795326
86 794413
86 793500
86 792587
86 791674
86 790761
86 789848
86 788935
86 788022
86 787109
86 786196
86 785283
86 784370
86 783457
86 782544
86 781631
86 780718
86 779805
86 778892
86 777979
102 777998
122 783627
92 783825
82 784729
92 785577
92 784749
102 784810
117 794015
117 790995
117 787975
117 784955
122 789817
82 791159
10 800614
10 799835
10 799056
10 798277
10 797498
10 796719
10 795940
10 795161
10 794382
10 793603
57 798404
57 797662
57 796920
57 796178
29 813556
29 812375
29 811194
29 810013
29 808832
29 807651
29 806470
29 805289
29 804108
29 802927
29 801746
29 800565
29 799384
29 798203
29 797022
100 807770
100 806723
100 805676
100 804629
100 803582
100 802535
100 801488
100 800441
100 799394
100 798347
100 797300
87 799745
57 800581
53 800939
29 809063
29 807882
29 806701
29 805520
29 804339
29 803158
29 801977
10 805700
82 808933
82 807935
82 806937
82 810882
69 812825
123 812922
122 814449
29 815672
29 814491
92 816810
57 820366
55 821453
55 820503
92 821402
100 842643
100 841596
100 840549
100 839502
100 838455
100 837408
100 836361
100 835314
100 834267
100 833220
100 832173
100 831126
100 830079
100 829032
100 827985
100 826938
100 825891
100 824844
100 823797
100 822750
57 826555
124 840484
124 839522
124 838560
124 837598
124 836636
124 835674
124 834712
124 833750
124 832788
69 835511
69 834659
53 837234
123 839528
72 841147
27 843455
27 842347
27 841239
102 862862
102 861791
102 860720
102 859649
102 858578
102 857507
102 856436
102 855365
102 854294
102 853223
102 852152
102 851081
102 850010
102 848939
102 847868
102 846797
102 845726
102 844655
102 843584
10 844788
123 845635
122 850308
122 849541
122 848774
122 848007
122 847240
122 846473
122 845706
92 845802
92 850366
92 849538
122 852156
122 851389
122 850622
122 849855
117 854857
117 851837
124 856654
124 855692
82 858050
92 861886
87 863126
122 869148
122 868381
122 867614
122 866847
83 870996
83 870071
122 872545
122 871778
122 871011
122 870244
53 870392
69 872477
100 873889
100 872842
122 873658
124 877307
124 876345
124 875383
37 885814
117 887038
117 887429
10 888410
92 890898
102 893320
102 892249
102 891178
92 891882
40 894586
10 894596
87 898570
37 899587
100 906592
100 905545
55 909123
55 908173
122 914079
64 927014
64 926089
92 928499
37 928949
53 930090
122 933362
92 937120
82 939346
82 938348
57 938547
55 943202
55 942252
57 944643
86 945660
86 944747
92 945968
117 960129
117 957109
117 954089
117 951069
117 948049
82 950218
82 949220
82 948222
92 959103
92 958275
92 957447
92 956619
92 955791
92 954963
92 954135
92 953307
92 952479
92 951651
92 950823
92 949995
92 949167
123 949643
102 953856
102 952785
102 951714
86 962797
86 961884
57 965506
102 979794
102 978723
102 977652
102 976581
102 975510
102 974439
102 973368
102 972297
102 971226
102 970155
82 971346
82 970348
92 973520
92 972692
123 974011
23 976167
23 975120
82 995187
82 994189
82 993191
82 992193
82 991195
82 990197
82 989199
82 988201
82 987203
82 986205
82 985207
82 984209
82 983211
82 982213
82 981215
82 980217
82 979219
82 978221
82 977223
82 976225
82 975227
57 977723
102 979846
102 978775
122 980844
86 981804
86 980891
92 984617
87 984734
55 986056
92 988178
92 987350
27 990880
27 989772
92 992258
13 994363
117 1013683
117 1010663
117 1007643
117 1004623
117 1001603
117 998583
117 995563
57 999144
82 1021965
82 1020967
82 1019969
82 1018971
82 1017973
82 1016975
82 1015977
82 1014979
82 1013981
82 1012983
82 1011985
82 1010987
82 1009989
82 1008991
82 1007993
82 1006995
82 1005997
82 1004999
82 1004001
82 1003003
82 1002005
69 1006247
69 1005395
124 1008859
124 1007897
92 1011801
53 1016280
86 1017529
10 1026888
10 1026109
10 1025330
10 1024551
10 1023772
10 1022993
10 1022214
10 1021435
10 1020656
10 1019877
10 1019098
10 1018319
10 1017540
92 1017891
122 1019057
55 1020124
92 1021885
92 1021057
82 1023206
82 1022208
124 1041745
124 1040783
124 1039821
124 1038859
124 1037897
124 1036935
124 1035973
124 1035011
124 1034049
124 1033087
124 1032125
124 1031163
124 1030201
124 1029239
124 1028277
124 1027315
124 1026353
124 1025391
124 1024429
124 1023467
124 1022505
82 1024921
82 1023923
100 1026991
100 1025944
102 1038086
102 1037015
102 1035944
102 1034873
102 1033802
102 1032731
102 1031660
102 1030589
102 1029518
102 1028447
82 1028557
100 1044150
100 1043103
100 1042056
100 1041009
100 1039962
100 1038915
100 1037868
100 1036821
100 1035774
100 1034727
100 1033680
117 1043582
117 1040562
117 1037542
117 1034522
122 1042993
117 1054467
117 1051447
117 1048427
117 1045407
37 1046586
92 1057479
92 1056651
92 1055823
92 1054995
92 1054167
92 1053339
92 1052511
92 1051683
92 1050855
92 1050027
92 1049199
92 1048371
92 1047543
92 1046715
10 1047110
64 1049248
64 1048323
92 1049958
92 1049130
86 1051451
86 1050538
82 1051480
102 1053733
102 1052662
102 1051591
82 1053639
82 1052641
82 1051643
64 1053977
64 1053052
102 1057515
102 1056444
102 1055373
86 1056533
86 1055620
82 1058556
82 1057558
10 1058786
92 1061416
23 1069114
23 1068067
23 1067020
23 1065973
23 1064926
122 1068690
37 1069713
122 1070225
117 1074295
117 1071275
57 1072547
87 1072716
122 1075846
122 1075079
122 1074312
122 1073545
10 1078105
10 1077326
117 1077460
86 1077575
122 1078248
92 1079480
102 1087041
102 1085970
102 1084899
102 1083828
102 1082757
102 1081686
102 1080615
102 1079544
82 1080787
82 1079789
92 1080957
92 1081979
55 1082312
86 1083281
86 1082368
102 1087028
102 1085957
27 1094647
27 1093539
27 1092431
27 1091323
27 1090215
27 1089107
27 1087999
124 1093088
122 1096630
122 1095863
122 1095096
122 1094329
27 1101216
27 1100108
27 1099000
27 1097892
27 1096784
122 1100500
92 1100571
27 1107269
27 1106161
27 1105053
27 1103945
27 1102837
57 1106300
57 1113828
122 1119392
122 1118625
122 1117858
122 1117091
122 1116324
122 1115557
122 1114790
90 1117039
90 1116077
90 1115115
92 1136382
92 1135554
92 1134726
92 1133898
92 1133070
92 1132242
92 1131414
92 1130586
92 1129758
92 1128930
92 1128102
92 1127274
92 1126446
92 1125618
92 1124790
92 1123962
92 1123134
92 1122306
92 1121478
92 1120650
92 1119822
92 1118994
92 1118166
92 1117338
92 1116510
57 1118905
86 1121168
82 1131729
82 1130731
82 1129733
82 1128735
82 1127737
82 1126739
82 1125741
82 1124743
122 1131812
122 1131045
122 1130278
122 1129511
122 1128744
122 1127977
122 1127210
64 1130757
29 1140322
29 1139141
29 1137960
29 1136779
29 1135598
29 1134417
29 1133236
123 1133564
57 1135482
117 1155318
117 1152298
117 1149278
117 1146258
117 1143238
117 1140218
117 1137198
92 1138096
10 1139202
123 1140383
57 1141865
92 1145824
92 1147969
55 1149365
92 1150575
82 1151897
100 1159678
100 1158631
100 1157584
117 1161423
55 1163611
82 1170757
82 1169759
82 1168761
82 1188891
82 1187893
82 1186895
82 1185897
82 1184899
82 1183901
82 1182903
82 1181905
82 1180907
82 1179909
82 1178911
82 1177913
82 1176915
82 1175917
82 1174919
82 1173921
82 1172923
82 1171925
82 1170927
82 1169929
92 1174586
92 1173758
92 1172930
92 1172102
23 1173726
40 1175868
123 1182111
97 1187842
97 1186685
97 1185528
97 1184371
97 1183214
92 1210282
92 1209454
92 1208626
92 1207798
92 1206970
92 1206142
92 1205314
92 1204486
92 1203658
92 1202830
92 1202002
92 1201174
92 1200346
92 1199518
92 1198690
92 1197862
92 1197034
92 1196206
92 1195378
92 1194550
92 1193722
92 1192894
92 1192066
92 1191238
92 1190410
87 1190852
123 1191883
123 1193046
100 1199258
100 1198211
100 1197164
100 1196117
100 1195070
100 1194023
82 1200097
87 1201842
55 1206215
100 1215943
100 1214896
100 1213849
100 1212802
100 1211755
100 1210708
100 1209661
100 1208614
25 1212223
102 1217087
102 1216016
102 1214945
102 1213874
102 1212803
97 1222942
97 1221785
97 1220628
97 1219471
97 1218314
97 1217157
97 1216000
97 1214843
97 1213686
117 1214890
27 1223113
27 1222005
27 1220897
27 1219789
27 1218681
27 1217573
27 1216465
92 1225128
92 1224300
92 1223472
92 1222644
92 1221816
92 1220988
92 1220160
92 1219332
92 1218504
92 1217676
55 1223474
55 1222524
55 1221574
55 1220624
55 1219674
55 1218724
82 1220752
82 1219754
82 1218756
57 1221275
97 1234002
97 1232845
97 1231688
97 1230531
97 1229374
97 1228217
97 1227060
97 1225903
97 1224746
97 1246679
97 1245522
97 1244365
97 1243208
97 1242051
97 1240894
97 1239737
97 1238580
97 1237423
97 1236266
97 1235109
97 1233952
97 1232795
97 1231638
97 1230481
97 1229324
97 1228167
97 1227010
117 1233245
117 1230225
117 1227205
10 1229431
102 1247873
102 1246802
102 1245731
102 1244660
102 1243589
102 1242518
102 1241447
102 1240376
122 1242685
57 1243688
57 1242946
92 1263346
92 1262518
92 1261690
92 1260862
92 1260034
92 1259206
92 1258378
92 1257550
92 1256722
92 1255894
92 1255066
92 1254238
92 1253410
92 1252582
92 1251754
92 1250926
92 1250098
92 1249270
92 1248442
92 1247614
92 1246786
92 1245958
92 1245130
92 1244302
52 1247295
52 1246419
100 1253920
100 1252873
100 1251826
100 1250779
100 1249732
100 1248685
100 1247638
100 1246591
10 1247752
102 1267400
102 1266329
102 1265258
102 1264187
102 1263116
102 1262045
102 1260974
102 1259903
102 1258832
102 1257761
102 1256690
102 1255619
102 1254548
102 1253477
102 1252406
102 1251335
102 1250264
102 1249193
102 1248122
92 1260134
92 1259306
92 1258478
92 1257650
92 1256822
92 1255994
92 1255166
92 1254338
92 1253510
92 1252682
122 1253757
97 1262332
97 1261175
97 1260018
97 1258861
97 1257704
97 1256547
97 1255390
57 1259992
122 1274124
122 1273357
122 1272590
122 1271823
122 1271056
122 1270289
122 1269522
122 1268755
122 1267988
122 1267221
122 1266454
122 1265687
122 1264920
122 1264153
122 1263386
123 1263457
117 1283309
117 1280289
117 1277269
117 1274249
117 1271229
117 1268209
117 1265189
82 1266403
102 1278375
102 1277304
102 1276233
102 1275162
102 1274091
102 1273020
102 1271949
102 1270878
102 1269807
102 1268736
82 1274794
82 1273796
82 1272798
82 1271800
82 1270802
82 1269804
82 1268806
55 1286346
55 1285396
55 1284446
55 1283496
55 1282546
55 1281596
55 1280646
55 1279696
55 1278746
55 1277796
55 1276846
55 1275896
92 1286897
123 1286943
123 1289957
122 1290683
82 1291778
37 1291808
82 1292787
55 1297636
55 1296686
55 1295736
55 1294786
55 1293836
55 1292886
100 1295372
100 1294325
55 1297130
55 1296180
55 1295230
124 1297334
124 1296372
87 1297830
122 1301138
122 1300371
122 1299604
122 1298837
124 1299970
124 1299008
92 1301014
92 1300186
40 1302020
40 1301131
122 1303773
122 1303006
122 1302239
122 1301472
100 1305749
100 1304702
100 1303655
100 1302608
100 1301561
82 1302571
82 1301573
82 1303658
82 1302660
10 1305049
102 1307341
102 1306270
102 1305199
98 1305304
55 1311109
55 1310159
55 1309209
55 1308259
55 1307309
55 1306359
37 1310183
117 1315162
117 1312142
92 1322198
92 1321370
92 1320542
92 1319714
92 1318886
92 1318058
92 1317230
92 1316402
92 1315574
92 1314746
92 1313918
92 1313090
92 1312262
10 1319436
82 1321701
82 1320703
92 1324431
92 1323603
92 1322775
92 1321947
92 1333165
92 1332337
92 1331509
92 1330681
92 1329853
92 1329025
92 1328197
92 1327369
92 1326541
92 1325713
92 1324885
92 1324057
92 1323229
87 1323506
122 1328176
122 1327409
122 1326642
122 1325875
122 1325108
122 1324341
122 1323574
100 1331729
100 1330682
100 1329635
100 1328588
100 1327541
100 1326494
100 1325447
100 1324400
55 1324484
87 1325499
82 1328830
82 1327832
82 1326834
82 1325836
29 1326923
57 1328265
10 1329152
72 1330740
123 1331630
102 1340898
102 1339827
102 1338756
102 1337685
102 1336614
102 1335543
102 1334472
102 1333401
100 1333404
82 1334528
92 1335256
92 1340545
123 1341495
55 1342586
72 1342709
10 1345201
124 1346613
123 1352829
57 1359611
10 1360870
122 1360948
37 1362059
10 1364798
82 1365798
82 1364800
87 1366048
86 1368166
86 1367253
122 1369506
82 1371067
10 1374714
123 1375548
10 1376808
82 1391744
82 1390746
82 1389748
82 1388750
82 1387752
82 1386754
110 1390938
110 1389903
110 1388868
117 1392709
100 1398246
100 1397199
100 1396152
100 1395105
100 1394058
100 1393011
123 1397768
87 1404969
53 1406175
100 1409616
100 1408569
100 1407522
87 1408802
92 1410400
92 1409572
102 1410879
92 1413541
92 1412713
92 1411885
92 1411057
102 1422794
102 1421723
102 1420652
102 1419581
102 1418510
102 1417439
102 1416368
102 1415297
102 1414226
102 1413155
102 1412084
69 1412982
69 1412130
10 1414529
57 1416915
57 1416173
82 1424339
82 1423341
82 1435211
82 1434213
82 1433215
82 1432217
82 1431219
82 1430221
82 1429223
82 1428225
82 1427227
82 1426229
82 1425231
82 1424233
27 1431318
27 1430210
27 1429102
27 1427994
27 1426886
27 1425778
27 1424670
27 1426734
27 1425626
92 1426496
92 1425668
102 1428952
102 1427881
102 1448481
102 1447410
102 1446339
102 1445268
102 1444197
102 1443126
102 1442055
102 1440984
102 1439913
102 1438842
102 1437771
102 1436700
102 1435629
102 1434558
102 1433487
102 1432416
102 1431345
102 1430274
102 1429203
117 1439115
117 1436095
117 1433075
102 1446477
102 1445406
102 1444335
102 1443264
102 1442193
102 1441122
102 1440051
102 1438980
102 1437909
102 1436838
122 1437808
82 1442506
102 1457037
102 1455966
102 1454895
102 1453824
102 1452753
102 1451682
102 1450611
102 1449540
102 1448469
102 1447398
27 1447749
117 1468276
117 1465256
117 1462236
117 1459216
117 1456196
117 1453176
117 1450156
10 1450176
29 1459869
29 1458688
117 1468556
117 1465536
117 1462516
117 1459496
92 1459595
92 1461856
92 1461028
124 1466646
124 1465684
124 1469035
124 1468073
41 1476748
41 1475555
41 1474362
41 1473169
41 1471976
41 1470783
41 1469590
69 1470656
55 1483194
55 1482244
55 1481294
55 1480344
55 1479394
55 1478444
55 1477494
55 1476544
55 1475594
55 1474644
55 1473694
55 1472744
55 1471794
82 1475812
82 1474814
82 1473816
82 1472818
82 1471820
92 1472043
122 1474131
10 1474371
57 1474398
102 1485640
102 1484569
102 1483498
102 1482427
102 1481356
102 1480285
102 1479214
102 1478143
10 1478342
122 1483925
122 1483158
122 1482391
122 1481624
122 1480857
122 1480090
122 1479323
123 1480600
13 1482605
13 1481826
55 1484106
55 1483156
124 1484797
124 1483835
122 1486854
122 1486087
122 1485320
29 1488731
29 1487550
29 1486369
57 1488096
57 1487354
57 1486612
86 1487690
92 1488711
10 1489219
82 1492492
82 1491494
82 1490496
122 1511107
122 1510340
122 1509573
122 1508806
122 1508039
122 1507272
122 1506505
122 1505738
122 1504971
122 1504204
122 1503437
122 1502670
122 1501903
122 1501136
122 1500369
122 1499602
122 1498835
122 1498068
122 1497301
122 1496534
122 1495767
122 1495000
122 1494233
122 1493466
122 1492699
122 1491932
122 1491165
92 1499751
92 1504870
92 1504042
92 1503214
92 1502386
92 1501558
92 1500730
92 1499902
64 1507063
64 1506138
92 1530975
92 1530147
92 1529319
92 1528491
92 1527663
92 1526835
92 1526007
92 1525179
92 1524351
92 1523523
92 1522695
92 1521867
92 1521039
92 1520211
92 1519383
92 1518555
92 1517727
92 1516899
92 1516071
92 1515243
92 1514415
92 1513587
92 1512759
92 1511931
122 1512425
82 1515208
82 1514210
82 1513212
10 1516922
122 1518036
123 1519535
82 1520841
10 1523405
122 1525310
55 1527355
55 1526405
55 1525455
124 1528849
124 1527887
41 1529199
123 1529408
102 1531431
102 1530360
86 1550766
86 1549853
86 1548940
86 1548027
86 1547114
86 1546201
86 1545288
86 1544375
86 1543462
86 1542549
86 1541636
86 1540723
86 1539810
86 1538897
86 1537984
86 1537071
86 1536158
86 1535245
86 1534332
86 1533419
86 1532506
86 1531593
55 1548406
55 1547456
55 1546506
55 1545556
55 1544606
55 1543656
122 1544736
55 1554568
55 1553618
55 1552668
55 1551718
55 1550768
55 1549818
117 1570720
117 1567700
117 1564680
117 1561660
117 1558640
117 1555620
117 1552600
10 1558483
57 1565701
122 1565867
87 1566720
52 1566916
92 1577045
92 1576217
92 1575389
92 1574561
92 1573733
92 1572905
92 1572077
92 1571249
92 1570421
92 1569593
92 1568765
92 1567937
92 1567109
123 1568251
100 1589295
100 1588248
100 1587201
100 1586154
100 1585107
100 1584060
100 1583013
100 1581966
100 1580919
100 1579872
100 1578825
100 1577778
100 1576731
100 1575684
100 1574637
100 1573590
100 1572543
100 1571496
100 1570449
124 1574249
97 1587288
97 1586131
97 1584974
97 1583817
97 1582660
97 1581503
97 1580346
97 1579189
97 1578032
30 1580221
30 1579137
117 1589114
117 1586094
117 1583074
117 1580054
122 1581725
100 1583843
100 1582796
82 1586188
82 1585190
10 1585261
86 1597327
86 1596414
86 1595501
86 1594588
86 1593675
86 1592762
86 1591849
86 1590936
86 1590023
86 1589110
86 1588197
86 1587284
86 1586371
55 1591854
55 1590904
55 1589954
82 1611056
82 1610058
82 1609060
82 1608062
82 1607064
82 1606066
82 1605068
82 1604070
82 1603072
82 1602074
82 1601076
82 1600078
82 1599080
82 1598082
82 1597084
82 1596086
82 1595088
82 1594090
82 1593092
82 1592094
82 1591096
82 1611498
82 1610500
82 1609502
82 1608504
82 1607506
82 1606508
82 1605510
82 1604512
82 1603514
82 1602516
82 1601518
82 1600520
82 1599522
82 1598524
82 1597526
82 1596528
82 1595530
82 1594532
82 1593534
82 1592536
82 1591538
117 1601399
117 1598379
117 1595359
117 1592339
123 1592637
123 1593834
122 1596345
122 1595578
122 1594811
122 1594044
92 1603987
92 1603159
92 1602331
92 1601503
92 1600675
92 1599847
92 1599019
92 1598191
92 1597363
92 1596535
92 1595707
92 1594879
92 1594051
86 1609451
86 1608538
86 1607625
86 1606712
86 1605799
86 1604886
86 1603973
86 1603060
86 1602147
86 1601234
86 1600321
86 1599408
86 1598495
100 1609827
100 1608780
100 1607733
100 1606686
100 1605639
100 1604592
100 1603545
100 1602498
92 1614511
92 1613683
92 1612855
92 1612027
92 1611199
92 1610371
92 1609543
92 1608715
92 1607887
92 1607059
92 1606231
92 1605403
92 1604575
97 1617627
97 1616470
97 1615313
97 1614156
97 1612999
97 1611842
97 1610685
100 1631804
100 1630757
100 1629710
100 1628663
100 1627616
100 1626569
100 1625522
100 1624475
100 1623428
100 1622381
100 1621334
100 1620287
100 1619240
100 1618193
100 1617146
100 1616099
100 1615052
100 1614005
100 1612958
100 1611911
122 1613319
57 1618316
122 1619618
82 1621674
29 1625469
29 1624288
76 1626372
86 1627511
86 1626598
82 1634761
82 1633763
82 1632765
82 1631767
82 1630769
82 1629771
82 1628773
82 1627775
10 1636364
100 1643958
100 1642911
100 1641864
100 1640817
100 1639770
100 1638723
100 1637676
100 1636629
92 1658138
92 1657310
92 1656482
92 1655654
92 1654826
92 1653998
92 1653170
92 1652342
92 1651514
92 1650686
92 1649858
92 1649030
92 1648202
92 1647374
92 1646546
92 1645718
92 1644890
92 1644062
92 1643234
92 1642406
92 1641578
92 1640750
92 1639922
92 1639094
92 1641937
92 1641109
10 1642722
102 1646053
102 1644982
102 1643911
69 1645829
69 1644977
102 1649649
102 1648578
102 1647507
86 1648273
57 1650956
92 1654873
92 1654045
92 1653217
92 1652389
122 1653132
29 1655761
29 1654580
102 1659865
102 1658794
102 1657723
102 1656652
102 1655581
37 1655743
29 1658407
29 1657226
102 1678560
102 1677489
102 1676418
102 1675347
102 1674276
102 1673205
102 1672134
102 1671063
102 1669992
102 1668921
102 1667850
102 1666779
102 1665708
102 1664637
102 1663566
102 1662495
102 1661424
102 1660353
102 1659282
23 1663083
23 1662036
23 1660989
92 1666830
92 1666002
92 1665174
92 1664346
92 1663518
92 1662690
92 1661862
86 1666490
86 1665577
82 1667804
124 1669032
124 1668070
102 1674713
102 1673642
102 1672571
102 1671500
102 1670429
124 1671744
124 1670782
122 1672727
86 1674214
102 1680732
102 1679661
102 1678590
102 1677519
102 1676448
29 1690140
29 1688959
123 1689746
86 1693025
86 1692112
53 1692711
23 1693520
69 1695416
69 1694564
82 1694832
122 1695770
122 1700283
122 1699516
122 1698749
10 1699521
92 1699776
82 1701963
122 1704854
92 1711854
57 1714096
122 1717714
124 1720651
98 1725508
98 1724607
124 1746015
124 1745053
124 1744091
124 1743129
124 1742167
124 1741205
124 1740243
124 1739281
124 1738319
124 1737357
124 1736395
124 1735433
124 1734471
124 1733509
124 1732547
124 1731585
124 1730623
124 1729661
124 1728699
124 1727737
124 1726775
92 1729594
92 1728766
10 1732877
10 1735181
87 1735977
123 1737185
55 1738445
55 1737495
122 1739961
87 1741527
57 1742634
124 1746012
124 1745050
82 1748103
82 1747105
82 1746107
82 1748001
82 1747003
100 1766348
100 1765301
100 1764254
100 1763207
100 1762160
100 1761113
100 1760066
100 1759019
100 1757972
100 1756925
100 1755878
100 1754831
100 1753784
100 1752737
100 1751690
100 1750643
100 1749596
100 1748549
100 1747502
92 1754963
92 1754135
92 1753307
92 1752479
92 1751651
92 1750823
92 1749995
92 1749167
92 1748339
92 1747511
23 1749317
23 1748270
37 1752015
37 1751236
37 1750457
37 1749678
122 1757483
122 1756716
122 1755949
122 1755182
122 1754415
122 1753648
122 1752881
122 1752114
122 1751347
122 1750580
122 1749813
102 1750726
55 1751677
55 1750727
86 1753235
86 1753308
110 1756758
110 1755723
110 1754688
27 1763269
27 1762161
27 1761053
27 1759945
27 1758837
27 1757729
27 1756621
27 1755513
117 1758375
92 1763345
92 1764337
122 1768128
97 1777278
97 1776121
97 1774964
97 1773807
97 1772650
97 1771493
97 1770336
53 1771641
23 1774959
23 1773912
86 1784982
86 1784069
86 1783156
86 1782243
86 1781330
86 1780417
86 1779504
86 1778591
86 1777678
86 1776765
86 1775852
86 1774939
55 1777314
55 1776364
102 1776413
102 1777781
102 1776710
117 1780874
117 1777854
117 1796792
117 1793772
117 1790752
117 1787732
117 1784712
117 1781692
117 1778672
86 1781311
86 1780398
102 1792166
102 1791095
102 1790024
102 1788953
102 1787882
102 1786811
102 1785740
102 1784669
102 1783598
102 1782527
102 1788011
102 1786940
102 1785869
102 1784798
102 1783727
27 1787106
27 1785998
102 1795821
102 1794750
102 1793679
102 1792608
102 1791537
102 1790466
102 1789395
102 1788324
102 1787253
102 1786182
117 1796648
117 1793628
117 1790608
117 1787588
55 1798893
55 1797943
55 1796993
55 1796043
55 1795093
55 1794143
55 1793193
55 1792243
55 1791293
55 1790343
55 1789393
55 1788443
27 1789762
82 1803700
82 1802702
82 1801704
82 1800706
82 1799708
82 1798710
82 1797712
82 1796714
82 1795716
82 1794718
82 1793720
82 1799327
82 1798329
102 1801457
102 1800386
102 1799315
92 1819400
92 1818572
92 1817744
92 1816916
92 1816088
92 1815260
92 1814432
92 1813604
92 1812776
92 1811948
92 1811120
92 1810292
92 1809464
92 1808636
92 1807808
92 1806980
92 1806152
92 1805324
92 1804496
92 1803668
92 1802840
92 1802012
92 1801184
92 1800356
92 1799528
117 1808660
117 1805640
117 1802620
117 1799600
92 1811378
92 1810550
92 1809722
92 1808894
92 1808066
92 1807238
92 1806410
92 1805582
92 1804754
92 1803926
92 1803098
92 1802270
92 1801442
92 1800614
55 1803972
55 1803022
122 1805351
122 1804584
122 1803817
122 1803050
69 1803170
122 1807140
110 1810334
110 1809299
110 1808264
122 1814222
122 1813455
122 1812688
122 1811921
92 1814905
92 1814077
86 1814231
53 1815489
82 1817864
82 1816866
57 1818835
92 1820276
29 1828978
29 1827797
29 1826616
102 1832358
102 1831287
102 1830216
55 1830279
123 1831166
69 1832193
87 1835072
53 1838386
57 1842432
122 1844743
122 1855758
122 1858151
124 1860231
124 1859269
122 1861655
82 1862952
82 1861954
57 1862806
123 1864236
55 1865306
55 1864356
102 1867636
102 1866565
86 1868821
86 1867908
82 1871381
82 1870383
55 1872584
55 1871634
86 1874788
86 1873875
10 1875261
82 1878779
82 1877781
124 1878981
100 1882056
100 1881009
87 1882658
87 1887159
122 1887436
92 1889836
87 1891030
57 1892006
53 1892121
72 1892208
23 1896399
23 1895352
23 1894305
117 1896098
53 1897043
82 1900263
82 1899265
82 1898267
123 1899362
100 1901562
100 1900515
100 1899468
55 1900975
82 1901863
57 1903212
122 1904145
57 1905585
122 1906687
92 1909242
122 1910723
86 1911388
92 1911470
87 1911708
57 1914032
82 1915103
82 1914105
55 1917292
55 1916342
55 1928066
55 1927116
55 1926166
55 1925216
55 1924266
55 1923316
55 1922366
55 1921416
55 1920466
55 1919516
55 1918566
55 1917616
10 1923866
10 1923087
10 1922308
10 1921529
37 1921606
122 1923947
102 1925050
102 1923979
55 1926839
55 1925889
55 1924939
92 1928637
117 1938833
117 1935813
117 1932793
117 1929773
82 1936783
82 1935785
82 1934787
82 1933789
82 1932791
82 1931793
82 1930795
82 1929797
117 1944365
117 1941345
117 1938325
57 1946857
122 1950708
10 1951672
82 1951849
122 1954108
52 1956358
52 1955482
102 1958925
102 1957854
55 1959073
55 1958123
122 1961652
86 1962618
86 1961705
100 1966174
100 1965127
55 1966122
55 1965172
10 1966189
55 1987652
55 1986702
55 1985752
55 1984802
55 1983852
55 1982902
55 1981952
55 1981002
55 1980052
55 1979102
55 1978152
55 1977202
55 1976252
55 1975302
55 1974352
55 1973402
55 1972452
55 1971502
55 1970552
55 1969602
55 1968652
122 1973615
92 1995650
92 1994822
92 1993994
92 1993166
92 1992338
92 1991510
92 1990682
92 1989854
92 1989026
92 1988198
92 1987370
92 1986542
92 1985714
92 1984886
92 1984058
92 1983230
92 1982402
92 1981574
92 1980746
92 1979918
92 1979090
92 1978262
92 1977434
92 1976606
92 1975778
87 1985998
102 1990681
102 1989610
102 2008952
102 2007881
102 2006810
102 2005739
102 2004668
102 2003597
102 2002526
102 2001455
102 2000384
102 1999313
102 1998242
102 1997171
102 1996100
102 1995029
102 1993958
102 1992887
102 1991816
102 1990745
102 1989674
122 1992333
82 1998875
82 1997877
53 1998229
92 1998332
97 2014904
97 2013747
97 2012590
97 2011433
97 2010276
116 2035811
116 2034654
116 2033497
116 2032340
116 2031183
1328 
1 1
400 82 412
2 1
1967 86 278
3 1
3173 124 281
4 1
4135 124 288
5 1
4522 100 412
6 1
5190 102 83
7 1
6410 102 289
8 1
6410 102 80
9 1
11709 92 94
10 1
16369 123 211
11 1
16609 102 363
12 1
18742 86 386
13 1
20289 98 340
15 1
21354 124 63
16 1
21408 82 464
17 1
22501 124 358
18 1
22711 97 141
19 1
22781 69 134
20 1
23901 27 132
21 1
24929 122 316
22 1
24996 64 412
23 1
25089 82 217
24 1
26055 10 209
25 1
26118 64 9
26 1
43845 27 390
27 1
32075 82 231
28 1
27315 82 125
29 1
43845 27 5
30 1
43845 27 60
31 1
30100 86 305
32 1
32019 122 439
33 1
34761 122 63
34 1
34929 92 355
35 1
35937 117 212
36 1
36112 82 9
37 1
36971 95 291
38 1
37106 10 366
39 1
37129 86 369
40 1
46611 95 314
41 1
39779 10 400
42 1
44201 95 258
43 1
44700 92 230
44 1
64572 92 274
45 1
64572 92 126
46 1
64572 92 226
47 1
54391 10 89
48 1
55140 53 170
49 1
58914 27 336
50 1
59317 27 88
51 1
61766 82 377
52 1
63768 55 105
53 1
64993 122 95
54 1
65367 122 251
55 1
66429 72 203
56 1
66635 122 1
57 1
68752 82 464
58 1
69876 27 347
59 1
72715 10 244
60 1
73855 117 253
61 1
74822 122 439
62 1
76524 27 252
63 1
78334 25 436
64 1
83058 25 223
65 1
82319 82 294
66 1
84358 97 454
67 1
84715 27 345
68 1
88122 122 76
69 1
94233 124 346
70 1
94625 97 30
71 1
100719 27 428
72 1
101912 55 61
73 1
102998 122 37
74 1
105411 92 279
75 1
108646 117 205
76 1
109625 124 51
77 1
111498 87 198
78 1
112633 55 103
79 1
113473 124 216
80 1
113632 10 145
81 1
114774 92 375
82 1
115091 82 306
83 1
115231 117 66
84 1
117241 53 150
85 1
117441 53 77
86 1
117683 53 150
87 1
118512 27 202
88 1
118933 102 285
89 1
122634 55 433
91 1
125908 82 31
92 1
127556 82 76
93 1
128745 122 29
94 1
130961 82 421
95 1
134542 82 412
96 1
135826 117 31
97 1
166026 117 380
98 1
137246 29 344
99 1
151418 29 38
100 1
139507 122 202
101 1
143142 27 239
102 1
144280 86 404
103 1
145588 124 296
104 1
152322 124 243
105 1
146834 102 113
106 1
147913 69 288
107 1
187166 117 175
108 1
152322 124 410
109 1
161978 27 234
110 1
154236 55 275
111 1
155401 82 32
112 1
156542 124 118
113 1
187166 117 222
114 1
158830 55 305
115 1
158892 102 137
116 1
159032 82 437
117 1
164116 69 94
118 1
165029 123 97
119 1
166478 53 131
120 1
169602 102 232
121 1
169882 10 255
122 1
183712 69 451
123 1
187166 117 395
124 1
172087 87 1
125 1
187166 117 332
126 1
173362 122 237
127 1
178106 117 30
128 1
175037 55 117
129 1
176974 124 346
130 1
177061 27 281
131 1
177443 102 241
132 1
187082 102 394
133 1
216618 92 206
134 1
216618 92 289
135 1
182670 92 12
136 1
183408 124 384
137 1
183712 69 166
138 1
187166 117 151
139 1
185947 122 46
140 1
190122 92 54
141 1
188320 55 323
142 1
189251 37 30
143 1
190345 57 374
144 1
239637 122 365
145 1
191614 57 365
146 1
216618 92 304
147 1
197820 55 415
148 1
197820 55 451
149 1
193121 23 179
150 1
195918 92 174
151 1
195194 82 50
152 1
207423 122 289
153 1
206227 69 229
154 1
206654 102 59
155 1
208338 92 354
156 1
214156 82 32
157 1
214156 82 294
158 1
230433 122 216
159 1
209898 69 55
160 1
211054 102 380
161 1
213641 82 14
162 1
214772 23 183
163 1
215146 92 160
164 1
216261 117 108
165 1
217283 41 305
166 1
217293 117 205
167 1
234381 117 466
168 1
234381 117 283
169 1
220037 92 229
170 1
220847 100 423
171 1
220847 100 423
172 1
222301 117 152
173 1
234381 117 345
174 1
223634 92 381
175 1
224771 53 131
176 1
239637 122 67
177 1
225008 92 414
178 1
228341 117 223
179 1
228412 87 459
180 1
228481 92 133
181 1
229389 92 340
182 1
229548 92 375
183 1
239637 122 88
184 1
231967 122 50
185 1
231974 123 206
186 1
239637 122 422
187 1
237000 92 178
188 1
236172 92 178
189 1
243093 57 412
190 1
243132 123 11
191 1
244053 122 421
192 1
244207 102 39
193 1
244421 102 147
194 1
246375 82 420
195 1
246526 124 416
196 1
248450 124 202
197 1
250188 102 110
198 1
250259 64 276
199 1
251578 122 91
200 1
253822 69 423
201 1
254150 86 204
202 1
256284 122 365
203 1
257666 92 84
204 1
257770 92 295
205 1
260965 100 463
206 1
262536 92 344
207 1
262607 55 316
208 1
263550 123 46
209 1
265967 122 469
210 1
267109 92 270
211 1
269517 92 193
212 1
272829 92 249
213 1
270807 92 382
214 1
270976 69 330
215 1
280281 92 380
216 1
273674 100 113
217 1
274493 29 344
218 1
274734 82 407
219 1
275589 124 334
220 1
277291 55 218
221 1
294829 124 142
222 1
282218 122 431
223 1
282886 53 408
224 1
294829 124 274
225 1
288235 57 203
226 1
289433 55 249
227 1
292726 92 270
228 1
294136 122 216
229 1
294379 123 302
230 1
296775 86 451
231 1
296812 102 105
232 1
297898 117 39
233 1
299224 122 215
234 1
316090 102 422
235 1
301369 122 78
236 1
306598 57 386
237 1
311054 86 298
238 1
316090 102 222
239 1
316090 102 110
240 1
317338 92 25
241 1
329276 117 197
242 1
329309 92 295
243 1
329662 69 94
244 1
332009 117 4
245 1
338090 55 183
246 1
350129 117 233
247 1
340157 55 240
248 1
350332 124 266
249 1
354123 123 281
250 1
355148 23 179
251 1
355257 57 147
252 1
355961 86 235
253 1
356053 82 192
254 1
357561 122 186
255 1
358940 92 4
256 1
359668 102 205
257 1
363039 82 108
258 1
367165 102 385
259 1
362476 122 1
260 1
363171 82 377
261 1
363353 97 117
262 1
363549 92 393
263 1
364658 82 308
264 1
368876 92 81
265 1
367165 102 256
266 1
365993 27 68
267 1
367136 82 321
268 1
367439 102 426
269 1
368240 27 98
270 1
368610 122 222
271 1
368713 122 349
272 1
369519 82 58
273 1
371001 92 94
274 1
369658 55 326
275 1
371857 92 93
276 1
371894 29 46
277 1
374676 69 363
278 1
376838 55 296
279 1
379205 29 24
280 1
379205 29 41
281 1
379490 82 85
282 1
380596 57 410
283 1
380596 57 410
284 1
380639 55 186
285 1
380902 92 329
286 1
382080 57 202
287 1
382080 57 102
288 1
383202 92 225
289 1
383327 102 425
290 1
384473 92 161
291 1
385216 86 63
292 1
385244 82 58
293 1
386129 86 202
294 1
388160 102 24
295 1
388910 55 408
296 1
390302 82 150
297 1
391573 102 60
298 1
393943 55 142
299 1
395271 122 444
300 1
395278 102 157
301 1
397288 82 321
302 1
398854 122 59
303 1
401069 123 92
304 1
404011 124 428
305 1
405441 82 362
306 1
408897 122 180
307 1
417007 57 213
308 1
418225 69 440
309 1
419391 55 101
310 1
420576 55 438
311 1
422978 122 432
312 1
423164 102 104
313 1
425899 57 97
314 1
426736 86 427
315 1
427879 86 432
316 1
430396 55 57
317 1
433956 102 282
318 1
435560 102 460
319 1
439013 92 353
320 1
439214 100 119
321 1
447528 57 38
322 1
454691 102 201
323 1
455080 92 286
324 1
456342 102 13
325 1
459632 110 245
326 1
460036 124 349
327 1
461223 92 163
328 1
462054 57 295
329 1
464330 102 115
330 1
463553 102 262
331 1
473009 122 181
332 1
473009 122 181
333 1
473011 122 181
334 1
480773 117 107
335 1
481897 86 390
336 1
482657 122 360
337 1
482823 57 203
338 1
483940 124 139
339 1
484902 124 238
340 1
485076 27 139
341 1
486427 55 182
342 1
486573 122 414
343 1
491177 55 314
344 1
491724 27 341
345 1
491724 27 73
346 1
491724 27 169
347 1
491724 27 169
348 1
491358 122 278
349 1
491405 92 383
350 1
491465 122 278
351 1
492472 37 357
352 1
492666 92 414
353 1
493630 122 168
354 1
493791 55 126
355 1
493851 117 467
356 1
494886 122 441
357 1
494981 55 387
358 1
499891 117 440
359 1
507158 122 90
360 1
503930 69 434
361 1
504564 92 148
362 1
504778 55 173
363 1
505937 117 196
364 1
508258 92 194
365 1
509777 92 157
366 1
510894 124 467
367 1
511076 86 229
368 1
512207 102 219
369 1
513095 37 380
370 1
513315 10 210
371 1
515742 122 67
372 1
516883 117 144
373 1
519460 102 114
374 1
525713 122 7
375 1
522827 57 360
376 1
522992 57 360
377 1
525713 122 230
378 1
525713 122 362
379 1
523390 10 381
380 1
524471 92 291
381 1
534005 10 466
382 1
535515 82 96
383 1
536392 122 184
384 1
546363 122 227
385 1
539059 123 14
386 1
546363 122 158
387 1
540022 53 447
388 1
540288 87 175
389 1
541572 92 217
390 1
541698 55 366
391 1
542869 100 359
392 1
544966 117 359
393 1
547213 122 289
394 1
547392 92 301
395 1
548510 55 296
396 1
548726 27 69
397 1
550151 122 444
398 1
550187 82 76
399 1
552292 100 99
400 1
551266 55 8
401 1
553461 97 334
402 1
553512 102 240
403 1
556914 82 189
404 1
556948 27 400
405 1
559908 82 454
406 1
559382 102 288
407 1
559677 55 336
408 1
559867 92 370
409 1
559940 57 203
410 1
561922 86 143
411 1
562717 97 249
412 1
569021 102 333
413 1
570892 86 359
414 1
572356 124 353
415 1
573993 92 124
416 1
574009 122 351
417 1
576614 27 252
418 1
577733 123 453
419 1
578866 86 249
420 1
580220 122 63
421 1
580413 124 158
422 1
581642 55 279
423 1
581807 92 157
424 1
582080 123 77
425 1
582880 100 148
426 1
586775 92 354
427 1
585428 57 245
428 1
585498 100 359
429 1
587478 124 240
430 1
591181 87 363
431 1
592640 92 466
432 1
594968 55 218
433 1
595966 82 321
434 1
596198 27 330
435 1
596281 82 247
436 1
597434 55 448
437 1
598282 110 366
438 1
598548 86 141
439 1
599660 57 250
440 1
600803 82 381
441 1
602116 122 463
442 1
602488 64 458
443 1
603814 82 9
444 1
604812 82 210
445 1
604931 102 240
446 1
606057 124 309
447 1
606206 86 226
448 1
607277 10 88
449 1
609351 69 187
450 1
609494 122 142
451 1
611036 123 297
452 1
611749 92 388
453 1
613196 57 386
454 1
618159 82 329
455 1
619051 122 238
456 1
619074 117 225
457 1
620591 82 2
458 1
621640 10 126
459 1
622766 110 327
460 1
624503 86 297
461 1
625245 124 368
462 1
626605 92 87
463 1
626961 97 248
464 1
628052 86 424
465 1
629675 100 419
466 1
630104 23 327
467 1
632560 82 310
468 1
632706 122 73
469 1
637308 122 168
470 1
635386 86 356
471 1
635431 57 50
472 1
637308 122 65
473 1
639006 122 315
474 1
646125 123 144
475 1
646380 86 99
476 1
647538 92 253
477 1
649982 123 159
478 1
649996 123 91
479 1
651136 86 153
480 1
653632 55 39
481 1
654653 82 26
482 1
655668 92 292
483 1
655928 122 417
484 1
656904 53 283
485 1
658334 92 424
486 1
658406 102 115
487 1
658414 86 8
488 1
658505 37 429
489 1
659765 97 452
490 1
659810 97 452
491 1
660611 82 377
492 1
664382 122 15
493 1
666752 97 343
494 1
667842 57 50
495 1
667882 86 386
496 1
667882 86 386
497 1
668114 100 293
498 1
669367 102 326
499 1
671433 57 28
500 1
671532 92 253
501 1
672773 102 282
502 1
673013 122 142
503 1
673221 122 339
504 1
674059 8 436
505 1
675450 82 101
506 1
675644 122 394
507 1
677681 57 453
508 1
677940 10 386
509 1
680198 86 92
510 1
687455 92 270
511 1
690147 57 235
512 1
691247 82 438
513 1
695940 82 108
514 1
699474 27 334
515 1
702478 122 236
516 1
702478 57 412
517 1
704700 102 155
518 1
705528 92 90
519 1
726228 92 439
520 1
726228 92 94
521 1
706841 122 37
522 1
708441 122 117
523 1
708471 124 396
524 1
713808 92 227
525 1
709454 57 404
526 1
710593 10 103
527 1
715205 124 237
528 1
712887 10 310
529 1
715205 124 353
530 1
715584 117 50
531 1
717061 86 300
532 1
717098 10 209
533 1
717762 57 272
534 1
718951 82 229
535 1
719190 124 271
536 1
733704 117 17
537 1
721623 124 289
538 1
726703 82 343
539 1
727928 122 112
540 1
728720 92 267
541 1
729955 10 148
542 1
731217 102 82
543 1
731495 92 5
544 1
732837 92 33
545 1
733828 82 463
546 1
733835 117 274
547 1
736134 92 195
548 1
736248 10 345
550 1
736267 86 92
551 1
739919 86 63
552 1
738509 100 263
553 1
739868 92 253
554 1
740155 122 432
555 1
745100 86 451
556 1
755440 86 409
558 1
754377 10 127
559 1
754438 10 294
560 1
755987 57 14
561 1
756739 122 45
562 1
757023 69 440
563 1
757231 122 408
564 1
759614 124 302
565 1
760811 98 5
566 1
760824 53 105
567 1
761805 92 329
568 1
762795 92 304
569 1
762974 57 347
570 1
763194 57 345
571 1
764210 55 111
572 1
766946 69 338
573 1
777979 86 177
574 1
777998 102 440
575 1
797152 86 427
576 1
783627 122 12
577 1
783825 92 90
578 1
784729 82 84
579 1
784749 92 353
580 1
784810 102 447
581 1
784955 117 406
582 1
794015 117 107
583 1
789817 122 36
584 1
792587 86 386
585 1
791159 82 252
586 1
797152 86 114
587 1
793603 10 299
588 1
797152 86 305
589 1
800614 10 34
590 1
798277 10 427
591 1
796178 57 54
592 1
797022 29 58
593 1
797300 100 166
594 1
799745 87 185
595 1
800581 57 403
596 1
802927 29 54
597 1
808832 29 298
598 1
800939 53 470
599 1
801977 29 46
600 1
813556 29 353
601 1
805700 10 275
602 1
806937 82 150
603 1
810882 82 362
604 1
812825 69 317
605 1
812922 123 280
606 1
814449 122 19
607 1
814491 29 402
608 1
816810 92 205
609 1
820366 57 413
610 1
820503 55 19
611 1
821402 92 340
612 1
822750 100 300
613 1
842643 100 449
614 1
826555 57 310
615 1
832788 124 453
616 1
834659 69 397
617 1
837234 53 410
618 1
839522 124 92
619 1
839522 124 92
620 1
839528 123 69
621 1
841147 72 453
622 1
841239 27 383
623 1
843584 102 35
624 1
844788 10 155
625 1
845635 123 77
626 1
845706 122 390
627 1
845802 92 286
628 1
849538 92 196
629 1
849855 122 442
630 1
851837 117 225
631 1
855579 117 100
632 1
855692 124 182
633 1
858050 82 247
634 1
858346 82 247
635 1
862862 102 10
636 1
861886 92 287
637 1
863126 87 358
638 1
866847 122 208
639 1
870071 83 331
640 1
870244 122 224
641 1
870392 53 75
642 1
872477 69 55
643 1
872842 100 445
644 1
873658 122 63
645 1
875383 124 9
646 1
885814 37 407
648 1
887038 117 162
649 1
887429 117 205
650 1
888410 10 128
651 1
890898 92 395
652 1
891178 102 361
653 1
891882 92 452
654 1
894586 40 145
655 1
894596 10 84
656 1
898570 87 83
657 1
899587 37 33
658 1
905545 100 159
659 1
908173 55 245
660 1
914079 122 224
661 1
926089 64 411
662 1
927297 64 162
663 1
928499 92 465
664 1
928949 37 137
665 1
930090 53 375
666 1
930185 53 66
667 1
933362 122 324
668 1
937120 92 259
669 1
938348 82 2
670 1
938547 57 41
671 1
942252 55 159
672 1
944643 57 427
673 1
944747 86 282
674 1
945968 92 302
675 1
948049 117 329
676 1
948222 82 457
677 1
949167 92 465
678 1
949643 123 214
679 1
951714 102 119
681 1
960129 117 370
682 1
961107 117 56
683 1
961884 86 301
684 1
965506 57 28
685 1
970155 102 283
686 1
970348 82 236
687 1
972692 92 200
688 1
974011 123 182
689 1
975120 23 231
690 1
975227 82 2
691 1
979794 102 294
692 1
977723 57 47
693 1
979794 102 237
694 1
978775 102 19
695 1
980844 122 141
696 1
980891 86 120
697 1
984617 92 283
698 1
984734 87 182
699 1
988201 82 78
700 1
995187 82 49
701 1
986056 55 300
702 1
987350 92 267
703 1
989772 27 441
704 1
992258 92 152
705 1
994363 13 55
706 1
995563 117 100
707 1
1013683 117 11
708 1
999144 57 339
709 1
1002005 82 128
710 1
1005395 69 45
711 1
1007897 124 197
712 1
1011985 82 437
713 1
1011801 92 4
714 1
1015977 82 232
715 1
1016280 53 146
716 1
1017529 86 454
717 1
1017540 10 254
718 1
1017891 92 437
720 1
1019057 122 390
721 1
1020124 55 17
722 1
1021057 92 447
723 1
1022208 82 321
724 1
1022254 82 99
725 1
1022505 124 264
726 1
1023923 82 84
727 1
1025944 100 363
728 1
1028447 102 464
730 1
1028557 82 156
731 1
1033680 100 173
732 1
1034522 117 131
733 1
1041745 124 337
734 1
1038540 102 312
735 1
1043582 117 249
736 1
1042993 122 413
737 1
1045407 117 261
738 1
1046586 37 166
739 1
1046715 92 389
740 1
1054467 117 225
741 1
1047110 10 44
742 1
1048323 64 392
743 1
1049130 92 143
744 1
1050538 86 400
745 1
1054467 117 207
746 1
1051480 82 80
747 1
1051591 102 82
748 1
1051643 82 78
749 1
1053052 64 465
750 1
1053877 102 191
751 1
1055373 102 287
752 1
1055620 86 214
753 1
1055631 117 284
754 1
1057479 92 354
755 1
1057558 82 371
756 1
1058786 10 324
757 1
1058786 10 457
758 1
1061416 92 361
759 1
1064926 23 254
760 1
1069114 23 229
761 1
1068690 122 443
762 1
1069713 37 212
763 1
1070225 122 300
764 1
1071275 117 315
765 1
1074295 117 26
766 1
1072547 57 340
767 1
1072716 87 469
768 1
1073545 122 208
769 1
1075846 122 316
770 1
1075846 122 316
771 1
1075164 117 435
772 1
1075164 117 167
773 1
1077326 10 60
774 1
1077460 117 219
775 1
1077575 86 307
776 1
1078248 122 39
777 1
1078464 117 196
778 1
1079480 92 124
779 1
1079544 102 255
780 1
1079789 82 141
781 1
1080957 92 375
782 1
1081118 82 327
783 1
1081979 92 43
784 1
1082312 55 69
785 1
1082368 86 464
786 1
1085957 102 86
787 1
1087999 27 147
788 1
1090215 27 456
789 1
1093088 124 158
790 1
1094647 27 31
791 1
1094329 122 239
792 1
1096784 27 358
793 1
1100500 122 417
794 1
1100571 92 45
795 1
1101464 27 432
796 1
1101576 27 65
797 1
1102837 27 252
798 1
1107269 27 80
799 1
1106300 57 130
800 1
1113828 57 189
801 1
1114790 122 81
802 1
1115115 90 423
803 1
1116510 92 411
804 1
1136382 92 346
805 1
1118905 57 91
806 1
1121168 86 175
807 1
1124743 82 339
808 1
1127210 122 49
809 1
1130757 64 24
810 1
1130932 64 111
811 1
1133236 29 400
812 1
1133564 123 447
813 1
1135482 57 26
814 1
1137198 117 378
815 1
1138096 92 333
816 1
1139202 10 254
817 1
1140383 123 442
818 1
1141865 57 210
819 1
1145824 92 144
820 1
1149278 117 341
821 1
1147969 92 196
822 1
1149365 55 235
823 1
1150575 92 287
824 1
1151897 82 387
825 1
1157584 100 248
826 1
1161423 117 213
827 1
1163611 55 310
828 1
1168761 82 343
829 1
1169929 82 152
830 1
1172102 92 259
831 1
1174586 92 380
832 1
1173726 23 285
833 1
1175868 40 279
834 1
1182111 123 398
835 1
1183214 97 333
836 1
1190410 92 335
837 1
1190852 87 245
838 1
1210282 92 48
839 1
1191883 123 334
840 1
1193046 123 270
841 1
1194023 100 159
842 1
1200097 82 189
843 1
1201842 87 140
844 1
1206215 55 92
845 1
1208614 100 271
846 1
1212223 25 311
847 1
1212803 102 455
848 1
1213686 97 338
849 1
1214890 117 239
850 1
1216465 27 108
851 1
1217676 92 106
852 1
1218724 55 101
853 1
1218756 82 125
854 1
1221275 57 264
855 1
1224746 97 276
856 1
1227010 97 434
857 1
1227205 117 352
858 1
1229431 10 471
859 1
1234002 97 114
860 1
1246679 97 186
861 1
1240376 102 231
862 1
1242685 122 467
863 1
1242946 57 404
864 1
1244302 92 24
865 1
1246419 52 458
866 1
1246591 100 364
867 1
1247752 10 316
868 1
1248122 102 308
869 1
1252682 92 193
870 1
1253757 122 385
871 1
1255390 97 230
872 1
1267400 102 326
873 1
1259992 57 385
874 1
1263346 92 229
875 1
1263386 122 313
876 1
1263457 123 198
877 1
1265189 117 141
878 1
1266403 82 336
879 1
1268736 102 188
880 1
1268806 82 188
881 1
1275896 55 366
882 1
1286897 92 221
883 1
1286943 123 224
884 1
1289957 123 468
885 1
1290683 122 114
886 1
1291778 82 35
887 1
1291808 37 271
888 1
1291843 37 273
889 1
1292787 82 257
890 1
1292886 55 140
891 1
1294325 100 116
892 1
1295230 55 18
893 1
1297636 55 209
894 1
1296372 124 130
895 1
1297830 87 429
896 1
1297915 87 429
897 1
1298837 122 58
899 1
1299008 124 79
900 1
1300186 92 356
901 1
1301131 40 250
902 1
1301472 122 399
903 1
1301561 100 233
904 1
1301573 82 238
905 1
1302660 82 232
906 1
1305049 10 31
907 1
1305199 102 325
908 1
1305304 98 461
909 1
1306359 55 336
910 1
1310183 37 152
911 1
1311109 55 16
912 1
1312142 117 71
913 1
1312262 92 442
914 1
1315162 117 386
915 1
1319436 10 103
916 1
1320703 82 34
917 1
1321947 92 87
918 1
1323229 92 70
919 1
1323506 87 113
920 1
1323574 122 70
921 1
1324400 100 451
922 1
1324484 55 379
923 1
1325499 87 402
924 1
1325836 82 309
925 1
1326923 29 46
926 1
1331729 100 99
927 1
1328265 57 169
928 1
1330681 92 16
929 1
1329152 10 44
930 1
1329233 10 351
931 1
1330740 72 89
932 1
1331630 123 232
933 1
1333169 92 388
934 1
1333401 102 312
935 1
1333404 100 170
936 1
1334528 82 247
937 1
1335256 92 86
938 1
1340898 102 60
939 1
1340545 92 314
940 1
1340607 92 126
941 1
1341495 123 415
942 1
1342586 55 402
943 1
1342709 72 429
944 1
1345201 10 44
945 1
1346613 124 24
946 1
1352829 123 3
947 1
1359611 57 164
948 1
1360870 10 467
949 1
1360948 122 104
950 1
1362059 37 372
951 1
1364798 10 263
952 1
1364800 82 412
953 1
1366048 87 105
954 1
1367253 86 201
955 1
1367497 86 426
956 1
1369506 122 76
957 1
1371067 82 105
958 1
1374714 10 393
959 1
1375548 123 188
960 1
1376808 10 31
961 1
1386754 82 14
962 1
1388868 110 276
963 1
1391744 82 290
964 1
1392709 117 341
965 1
1392973 117 341
966 1
1393011 100 66
967 1
1398246 100 319
968 1
1398246 100 93
969 1
1398246 100 402
970 1
1397768 123 198
971 1
1404969 87 147
972 1
1406175 53 113
973 1
1407522 100 314
974 1
1408802 87 346
975 1
1409572 92 152
976 1
1410879 102 191
977 1
1411057 92 90
978 1
1412084 102 24
979 1
1412130 69 467
980 1
1414529 10 304
981 1
1416173 57 183
982 1
1423341 82 371
983 1
1424233 82 407
984 1
1424670 27 345
985 1
1425626 27 208
986 1
1425668 92 416
987 1
1427881 102 447
988 1
1429203 102 319
989 1
1433075 117 62
990 1
1439115 117 311
991 1
1448481 102 308
992 1
1436838 102 337
993 1
1437808 122 394
994 1
1442506 82 459
995 1
1447398 102 122
996 1
1447749 27 342
997 1
1450156 117 21
998 1
1450176 10 276
999 1
1458688 29 297
1000 1
1459496 117 408
1001 1
1459595 92 265
1002 1
1461028 92 389
1003 1
1465684 124 272
1004 1
1468073 124 190
1005 1
1469590 41 446
1006 1
1470656 69 116
1007 1
1471794 55 442
1008 1
1471820 82 247
1009 1
1472043 92 163
1011 1
1476748 41 165
1012 1
1474131 122 222
1013 1
1474371 10 202
1014 1
1474398 57 305
1015 1
1483194 55 84
1016 1
1478143 102 158
1017 1
1478342 10 248
1018 1
1479323 122 78
1019 1
1485640 102 414
1020 1
1481294 55 432
1021 1
1480600 123 57
1022 1
1481826 13 438
1023 1
1483156 55 349
1024 1
1483835 124 216
1025 1
1485320 122 199
1026 1
1486369 29 260
1027 1
1486612 57 201
1028 1
1488096 57 340
1029 1
1487690 86 392
1030 1
1488711 92 86
1031 1
1488817 29 420
1032 1
1489219 10 204
1033 1
1490496 82 455
1034 1
1491165 122 171
1035 1
1504204 122 104
1036 1
1499751 92 384
1037 1
1499902 92 52
1038 1
1506138 64 316
1039 1
1511931 92 169
1040 1
1512425 122 6
1041 1
1513212 82 32
1042 1
1516922 10 233
1043 1
1518036 122 218
1044 1
1519535 123 401
1045 1
1520841 82 14
1046 1
1523405 10 49
1047 1
1525310 122 49
1048 1
1525455 55 316
1049 1
1527355 55 105
1050 1
1527770 55 240
1051 1
1527887 124 318
1052 1
1528849 124 127
1053 1
1529199 41 251
1054 1
1529408 123 3
1055 1
1530360 102 244
1056 1
1531571 102 413
1057 1
1531593 86 54
1058 1
1543656 55 351
1059 1
1544736 122 184
1060 1
1550766 86 343
1061 1
1549853 86 204
1062 1
1549818 55 384
1063 1
1552600 117 67
1064 1
1558483 10 427
1065 1
1567700 117 376
1066 1
1564680 117 195
1067 1
1565701 57 91
1068 1
1565867 122 367
1069 1
1566720 87 48
1070 1
1566916 52 208
1071 1
1567109 92 64
1072 1
1568251 123 411
1073 1
1570720 117 270
1075 1
1570449 100 292
1076 1
1574249 124 465
1077 1
1578032 97 95
1078 1
1579137 30 74
1079 1
1581503 97 31
1080 1
1580054 117 102
1081 1
1581725 122 87
1082 1
1582796 100 256
1083 1
1589114 117 455
1084 1
1585190 82 11
1085 1
1585261 10 451
1086 1
1589114 117 49
1087 1
1586371 86 415
1088 1
1589954 55 299
1089 1
1591096 82 171
1090 1
1591538 82 57
1091 1
1592339 117 71
1092 1
1592637 123 255
1093 1
1592721 123 46
1094 1
1593834 123 438
1095 1
1593863 123 462
1097 1
1594044 122 58
1098 1
1594051 92 225
1099 1
1598495 86 98
1100 1
1602498 100 115
1101 1
1604575 92 269
1102 1
1610685 97 80
1103 1
1614511 92 221
1104 1
1611911 100 268
1105 1
1613319 122 67
1106 1
1616099 100 74
1107 1
1617627 97 231
1108 1
1618316 57 67
1109 1
1619618 122 434
1110 1
1621674 82 253
1111 1
1624288 29 382
1112 1
1631804 100 148
1113 1
1626372 76 78
1114 1
1626598 86 426
1115 1
1627775 82 365
1116 1
1631804 100 302
1117 1
1636364 10 219
1118 1
1636629 100 446
1119 1
1639094 92 433
1120 1
1641109 92 447
1121 1
1642722 10 207
1122 1
1643911 102 464
1123 1
1644977 69 93
1124 1
1647507 102 411
1125 1
1648273 86 391
1126 1
1650956 57 63
1127 1
1652389 92 287
1128 1
1653132 122 235
1129 1
1654580 29 73
1130 1
1655581 102 41
1131 1
1655743 37 51
1132 1
1657226 29 37
1133 1
1659282 102 363
1134 1
1661424 102 60
1135 1
1660989 23 254
1136 1
1661862 92 275
1137 1
1665174 92 102
1138 1
1665577 86 453
1139 1
1667804 82 57
1140 1
1668070 124 79
1141 1
1669356 124 60
1142 1
1678560 102 208
1143 1
1670429 102 376
1144 1
1670782 124 119
1145 1
1678560 102 15
1146 1
1671861 124 158
1147 1
1672727 122 418
1148 1
1674214 86 177
1149 1
1676448 102 9
1150 1
1688959 29 72
1151 1
1689746 123 159
1152 1
1692112 86 420
1153 1
1692711 53 126
1154 1
1693520 23 468
1155 1
1694564 69 402
1156 1
1694832 82 330
1157 1
1695039 82 463
1158 1
1695770 122 181
1159 1
1698749 122 181
1160 1
1699521 10 82
1161 1
1699776 92 292
1162 1
1701963 82 468
1163 1
1704854 122 77
1164 1
1711854 92 425
1165 1
1714096 57 427
1166 1
1717714 122 127
1167 1
1720651 124 93
1168 1
1724607 98 193
1169 1
1726775 124 360
1170 1
1728766 92 325
1171 1
1732877 10 286
1172 1
1735181 10 245
1173 1
1735181 10 245
1174 1
1735977 87 30
1175 1
1746015 124 6
1176 1
1739281 124 415
1177 1
1737185 123 26
1178 1
1737495 55 165
1179 1
1739961 122 381
1180 1
1741527 87 211
1181 1
1742634 57 279
1182 1
1746015 124 356
1183 1
1745050 124 136
1184 1
1746107 82 228
1185 1
1747003 82 357
1186 1
1747502 100 214
1187 1
1747511 92 374
1188 1
1748270 23 142
1189 1
1749678 37 116
1190 1
1749813 122 462
1191 1
1750726 102 86
1192 1
1750727 55 88
1193 1
1753235 86 127
1194 1
1753308 86 127
1195 1
1757483 122 85
1196 1
1754688 110 369
1197 1
1755513 27 346
1198 1
1758375 117 402
1199 1
1763345 92 406
1200 1
1764337 92 389
1201 1
1768128 122 362
1202 1
1770336 97 449
1203 1
1771641 53 95
1204 1
1773912 23 339
1205 1
1774939 86 146
1206 1
1776364 55 157
1207 1
1776413 102 333
1208 1
1776710 102 80
1209 1
1777854 117 213
1210 1
1778672 117 194
1211 1
1780398 86 54
1212 1
1782527 102 445
1213 1
1783727 102 402
1214 1
1785998 27 156
1215 1
1786182 102 125
1216 1
1787588 117 126
1217 1
1788443 55 323
1218 1
1796792 117 306
1219 1
1789762 27 330
1220 1
1793720 82 107
1221 1
1798329 82 282
1222 1
1799315 102 419
1223 1
1799528 92 258
1224 1
1799600 117 99
1225 1
1800614 92 425
1226 1
1803022 55 289
1227 1
1803050 122 231
1228 1
1803170 69 76
1229 1
1808660 117 279
1230 1
1807140 122 59
1231 1
1808264 110 42
1232 1
1809228 117 55
1233 1
1809483 117 44
1234 1
1811921 122 25
1235 1
1814077 92 241
1236 1
1814231 86 44
1237 1
1815489 53 114
1238 1
1816866 82 448
1239 1
1818835 57 62
1240 1
1819400 92 48
1241 1
1820276 92 251
1242 1
1826616 29 140
1243 1
1830216 102 52
1244 1
1830279 55 161
1245 1
1831166 123 17
1246 1
1832193 69 66
1247 1
1835072 87 17
1248 1
1838386 53 105
1249 1
1842432 57 259
1250 1
1844743 122 311
1251 1
1855758 122 444
1252 1
1858151 122 191
1253 1
1859269 124 378
1254 1
1861655 122 219
1255 1
1861954 82 196
1256 1
1862806 57 147
1257 1
1864236 123 453
1258 1
1864356 55 299
1259 1
1866565 102 10
1260 1
1867908 86 214
1261 1
1870383 82 445
1262 1
1871634 55 352
1263 1
1873875 86 184
1264 1
1875261 10 457
1265 1
1877781 82 343
1266 1
1878981 124 335
1267 1
1881009 100 170
1268 1
1882056 100 174
1269 1
1882658 87 219
1270 1
1887159 87 17
1271 1
1887436 122 256
1272 1
1889836 92 328
1273 1
1891030 87 225
1274 1
1892006 57 287
1275 1
1892121 53 66
1276 1
1892208 72 55
1277 1
1894305 23 143
1278 1
1896098 117 329
1279 1
1897043 53 292
1280 1
1898267 82 404
1281 1
1900263 82 449
1282 1
1899362 123 398
1283 1
1899468 100 263
1284 1
1900975 55 103
1285 1
1901863 82 322
1286 1
1903212 57 207
1287 1
1904145 122 321
1289 1
1905585 57 68
1290 1
1906687 122 367
1291 1
1909242 92 2
1292 1
1910723 122 67
1293 1
1911388 86 241
1294 1
1911470 92 249
1295 1
1911708 87 353
1296 1
1914032 57 272
1297 1
1914105 82 109
1298 1
1916342 55 371
1299 1
1917616 55 458
1300 1
1921529 10 250
1301 1
1921606 37 271
1302 1
1923947 122 188
1303 1
1923979 102 302
1304 1
1924939 55 414
1305 1
1928066 55 407
1306 1
1928637 92 313
1307 1
1929773 117 254
1308 1
1929797 82 215
1309 1
1935813 117 436
1310 1
1938325 117 284
1311 1
1938833 117 395
1312 1
1946857 57 347
1313 1
1950708 122 237
1314 1
1951672 10 339
1315 1
1951849 82 290
1316 1
1954108 122 431
1317 1
1955482 52 214
1318 1
1956680 52 453
1319 1
1957854 102 289
1320 1
1958123 55 230
1321 1
1961652 122 352
1323 1
1961705 86 202
1324 1
1965127 100 180
1325 1
1965172 55 180
1326 1
1966189 10 83
1327 1
1968652 55 19
1328 1
1972452 55 137
1329 1
1973615 122 461
1330 1
1978152 55 390
1331 1
1975778 92 259
1332 1
1987652 55 234
1333 1
1985998 87 225
1334 1
1989610 102 65
1335 1
1989674 102 340
1336 1
1992333 122 337
1337 1
1997877 82 181
1338 1
1998229 53 103
1339 1
1998332 92 217
1340 1
2010276 97 461
1341 1
2014904 97 108
1342 1
2031183 116 49
9221258 
