429 
70 37438
70 35913
70 34388
70 32863
70 31338
70 29813
70 28288
70 26763
70 25238
70 23713
70 22188
70 20663
70 19138
70 17613
70 16088
70 14563
70 13038
70 11513
70 9988
70 8463
10 122702
10 120985
10 119268
10 117551
10 115834
10 114117
10 112400
10 110683
10 108966
10 107249
10 105532
10 103815
10 102098
10 100381
10 98664
10 96947
10 95230
10 93513
10 91796
10 90079
10 88362
10 86645
10 84928
10 83211
10 81494
10 79777
10 78060
10 76343
10 74626
10 72909
10 71192
10 69475
10 67758
10 66041
10 64324
10 62607
10 60890
10 59173
10 57456
10 55739
10 54022
10 52305
10 50588
10 48871
10 47154
10 45437
10 43720
10 42003
10 40286
10 38569
10 36852
10 35135
10 33418
10 31701
10 29984
10 28267
10 26550
10 24833
10 23116
10 21399
10 19682
10 17965
10 16248
10 14531
10 12814
10 11097
10 9380
96 50629
96 49052
96 47475
96 45898
96 44321
96 42744
96 41167
96 39590
96 38013
96 36436
96 34859
96 33282
96 31705
96 30128
96 28551
96 26974
96 25397
96 23820
96 22243
96 20666
96 19089
96 17512
96 15935
96 14358
96 12781
45 23685
45 18602
45 13519
70 19977
70 18452
70 16927
10 34214
10 32497
10 30780
10 29063
10 27346
10 25629
10 23912
10 22195
10 20478
10 18761
32 22262
32 20439
78 23688
6 25070
96 28716
96 27139
96 25562
45 27038
86 37117
86 35908
56 44054
56 42757
56 41460
56 40163
56 38866
56 37569
56 36272
56 52912
56 51615
56 50318
56 49021
56 47724
56 46427
56 45130
56 43833
56 42536
56 41239
56 39942
56 38645
56 37348
73 37449
50 41157
50 39387
37 69480
37 68131
37 66782
37 65433
37 64084
37 62735
37 61386
37 60037
37 58688
37 57339
37 55990
37 54641
37 53292
37 51943
37 50594
37 49245
37 47896
37 46547
37 45198
37 43849
37 42500
37 41151
37 39802
37 105903
37 104554
37 103205
37 101856
37 100507
37 99158
37 97809
37 96460
37 95111
37 93762
37 92413
37 91064
37 89715
37 88366
37 87017
37 85668
37 84319
37 82970
37 81621
37 80272
37 78923
37 77574
37 76225
37 74876
37 73527
37 72178
37 70829
37 69480
37 68131
37 66782
37 65433
37 64084
37 62735
37 61386
37 60037
37 58688
37 57339
37 55990
37 54641
37 53292
37 51943
37 50594
37 49245
37 47896
37 46547
37 45198
37 43849
37 42500
37 41151
37 39802
77 42652
54 46719
85 57088
48 57624
77 87495
77 85778
77 84061
77 82344
77 80627
77 78910
77 77193
77 75476
77 73759
77 72042
77 70325
77 68608
77 66891
77 65174
77 63457
71 72520
37 86349
37 85000
37 83651
37 82302
37 80953
37 79604
21 93480
21 92359
21 91238
21 90117
21 88996
21 87875
21 86754
21 85633
21 84512
21 83391
9 102996
9 101401
9 99806
9 98211
9 96616
9 95021
9 93426
9 91831
9 90236
9 88641
9 87046
9 85451
9 83856
88 92340
88 91096
88 89852
88 88608
88 87364
4 102516
30 109977
95 114576
48 115249
86 125067
86 123858
86 122649
86 121440
14 138677
14 136995
14 135313
14 133631
14 131949
14 130267
14 128585
14 126903
14 125221
14 123539
77 130348
77 128631
77 126914
92 131685
92 130283
73 147643
73 146381
73 145119
73 143857
73 142595
73 141333
73 140071
73 138809
73 137547
73 136285
73 135023
73 133761
73 132499
40 162722
40 161425
40 160128
40 158831
40 157534
40 156237
40 154940
40 153643
40 152346
40 151049
40 149752
40 148455
40 147158
40 145861
40 144564
40 143267
40 141970
40 140673
40 139376
40 138079
40 136782
40 135485
40 134188
61 135609
29 136111
35 140621
35 138974
35 137327
86 139609
36 141389
85 157225
85 155788
85 154351
85 152914
85 151477
85 150040
85 148603
85 147166
85 145729
85 144292
85 142855
85 141418
86 142507
79 147557
79 146120
79 144683
79 143246
71 145040
57 146612
15 146767
4 148333
37 165814
37 164465
37 163116
37 161767
37 160418
37 159069
37 157720
37 156371
37 155022
37 153673
37 152324
37 150975
37 149626
78 156999
2 165826
2 164021
98 191493
98 189881
98 188269
98 186657
98 185045
98 183433
98 181821
98 180209
98 178597
98 176985
98 175373
98 173761
98 172149
98 170537
98 168925
98 167313
98 165701
98 164089
33 165540
9 169307
9 167712
88 174729
42 177595
1 178337
99 196949
60 209451
61 220059
42 224963
42 223456
15 298937
26 317726
26 316675
77 351862
61 404317
51 442616
26 583045
88 642187
88 640943
75 
2 1
8463 70 111
3 1
9380 10 81
4 1
12781 96 46
5 1
13519 45 61
6 1
16927 70 111
7 1
18761 10 81
9 1
20439 32 56
11 1
23688 78 15
12 1
25070 6 121
13 1
25562 96 46
14 1
27038 45 61
15 1
35908 86 109
16 1
36272 56 46
17 1
37348 56 46
18 1
37449 73 6
19 1
39387 50 110
20 1
39802 37 43
21 1
39802 37 43
26 1
42652 77 50
27 1
46719 54 112
28 1
46719 54 112
29 1
51943 37 118
30 1
57088 85 50
31 1
57624 48 97
32 1
63457 77 115
34 1
72520 71 51
35 1
79604 37 43
38 1
83391 21 24
39 1
83856 9 132
40 1
87364 88 97
43 1
102516 4 27
45 1
109977 30 101
46 1
114576 95 26
48 1
115249 48 97
49 1
121440 86 120
50 1
123539 14 122
51 1
126914 77 115
53 1
130283 92 122
54 1
132499 73 101
56 1
134188 40 7
57 1
135609 61 9
58 1
136111 29 128
59 1
137327 35 79
60 1
139609 86 97
61 1
141389 36 14
62 1
141418 85 15
63 1
142507 86 55
64 1
143246 79 71
65 1
147557 79 34
67 1
145040 71 51
68 1
146612 57 48
69 1
146767 15 69
70 1
148333 4 93
71 1
149626 37 114
73 1
156999 78 119
75 1
164021 2 67
76 1
164089 98 127
77 1
165540 33 7
79 1
167712 9 132
80 1
191493 98 64
81 1
174729 88 97
82 1
177595 42 91
83 1
177758 42 91
84 1
178337 1 7
85 1
196949 99 77
86 1
209451 60 84
87 1
220059 61 14
88 1
223456 42 125
89 1
298937 15 11
90 1
316675 26 20
92 1
351862 77 50
93 1
404317 61 134
94 1
442616 51 5
95 1
583045 26 107
96 1
640943 88 78
138268 
930 
30 707
17 2235
63 5388
63 4200
31 6120
52 7447
10 7468
74 14559
74 13440
74 12321
74 11202
74 10083
74 8964
74 7845
79 58871
79 57287
79 55703
79 54119
79 52535
79 50951
79 49367
79 47783
79 46199
79 44615
79 43031
79 41447
79 39863
79 38279
79 36695
79 35111
79 33527
79 31943
79 30359
79 28775
79 27191
79 25607
79 24023
79 22439
79 20855
79 19271
79 17687
79 16103
79 14519
79 12935
79 11351
79 9767
79 8183
40 10831
91 88346
91 87296
91 86246
91 85196
91 84146
91 83096
91 82046
91 80996
91 79946
91 78896
91 77846
91 76796
91 75746
91 74696
91 73646
91 72596
91 71546
91 70496
91 69446
91 68396
91 67346
91 66296
91 65246
91 64196
91 63146
91 62096
91 61046
91 59996
91 58946
91 57896
91 56846
91 55796
91 54746
91 53696
91 52646
91 51596
91 50546
91 49496
91 48446
91 47396
91 46346
91 45296
91 44246
91 43196
91 42146
91 41096
91 40046
91 38996
91 37946
91 36896
91 35846
91 34796
91 33746
91 32696
91 31646
91 30596
91 29546
91 28496
91 27446
91 26396
91 25346
91 24296
91 23246
91 22196
91 21146
91 20096
91 19046
91 17996
91 16946
91 15896
91 14846
91 13796
91 12746
91 11696
72 113585
72 112501
72 111417
72 110333
72 109249
72 108165
72 107081
72 105997
72 104913
72 103829
72 102745
72 101661
72 100577
72 99493
72 98409
72 97325
72 96241
72 95157
72 94073
72 92989
72 91905
72 90821
72 89737
72 88653
72 87569
72 86485
72 85401
72 84317
72 83233
72 82149
72 81065
72 79981
72 78897
72 77813
72 76729
72 75645
72 74561
72 73477
72 72393
72 71309
72 70225
72 69141
72 68057
72 66973
72 65889
72 64805
72 63721
72 62637
72 61553
72 60469
72 59385
72 58301
72 57217
72 56133
72 55049
72 53965
72 52881
72 51797
72 50713
72 49629
72 48545
72 47461
72 46377
72 45293
72 44209
72 43125
72 42041
72 40957
72 39873
72 38789
72 37705
72 36621
72 35537
72 34453
72 33369
72 32285
72 31201
72 30117
72 29033
72 27949
72 26865
72 25781
72 24697
72 23613
72 22529
72 21445
72 20361
72 19277
72 18193
72 17109
72 16025
72 14941
79 22703
79 21119
79 19535
79 17951
79 16367
10 18797
10 17713
10 16629
91 33892
91 32842
91 31792
91 30742
91 29692
91 28642
91 27592
91 26542
91 25492
91 24442
91 23392
54 31729
54 30283
54 28837
72 40723
72 39639
72 38555
72 37471
72 36387
72 35303
72 34219
72 33135
72 32051
72 30967
72 29883
83 36138
83 34795
83 33452
91 45877
91 44827
91 43777
91 42727
91 41677
91 40627
91 39577
91 38527
91 37477
91 36427
91 35377
39 524680
39 523096
39 521512
39 519928
39 518344
39 516760
39 515176
39 513592
39 512008
39 510424
39 508840
39 507256
39 505672
39 504088
39 502504
39 500920
39 499336
39 497752
39 496168
39 494584
39 493000
39 491416
39 489832
39 488248
39 486664
39 485080
39 483496
39 481912
39 480328
39 478744
39 477160
39 475576
39 473992
39 472408
39 470824
39 469240
39 467656
39 466072
39 464488
39 462904
39 461320
39 459736
39 458152
39 456568
39 454984
39 453400
39 451816
39 450232
39 448648
39 447064
39 445480
39 443896
39 442312
39 440728
39 439144
39 437560
39 435976
39 434392
39 432808
39 431224
39 429640
39 428056
39 426472
39 424888
39 423304
39 421720
39 420136
39 418552
39 416968
39 415384
39 413800
39 412216
39 410632
39 409048
39 407464
39 405880
39 404296
39 402712
39 401128
39 399544
39 397960
39 396376
39 394792
39 393208
39 391624
39 390040
39 388456
39 386872
39 385288
39 383704
39 382120
39 380536
39 378952
39 377368
39 375784
39 374200
39 372616
39 371032
39 369448
39 367864
39 366280
39 364696
39 363112
39 361528
39 359944
39 358360
39 356776
39 355192
39 353608
39 352024
39 350440
39 348856
39 347272
39 345688
39 344104
39 342520
39 340936
39 339352
39 337768
39 336184
39 334600
39 333016
39 331432
39 329848
39 328264
39 326680
39 325096
39 323512
39 321928
39 320344
39 318760
39 317176
39 315592
39 314008
39 312424
39 310840
39 309256
39 307672
39 306088
39 304504
39 302920
39 301336
39 299752
39 298168
39 296584
39 295000
39 293416
39 291832
39 290248
39 288664
39 287080
39 285496
39 283912
39 282328
39 280744
39 279160
39 277576
39 275992
39 274408
39 272824
39 271240
39 269656
39 268072
39 266488
39 264904
39 263320
39 261736
39 260152
39 258568
39 256984
39 255400
39 253816
39 252232
39 250648
39 249064
39 247480
39 245896
39 244312
39 242728
39 241144
39 239560
39 237976
39 236392
39 234808
39 233224
39 231640
39 230056
39 228472
39 226888
39 225304
39 223720
39 222136
39 220552
39 218968
39 217384
39 215800
39 214216
39 212632
39 211048
39 209464
39 207880
39 206296
39 204712
39 203128
39 201544
39 199960
39 198376
39 196792
39 195208
39 193624
39 192040
39 190456
39 188872
39 187288
39 185704
39 184120
39 182536
39 180952
39 179368
39 177784
39 176200
39 174616
39 173032
39 171448
39 169864
39 168280
39 166696
39 165112
39 163528
39 161944
39 160360
39 158776
39 157192
39 155608
39 154024
39 152440
39 150856
39 149272
39 147688
39 146104
39 144520
39 142936
39 141352
39 139768
39 138184
39 136600
39 135016
39 133432
39 131848
39 130264
39 128680
39 127096
39 125512
39 123928
39 122344
39 120760
39 119176
39 117592
39 116008
39 114424
39 112840
39 111256
39 109672
39 108088
39 106504
39 104920
39 103336
39 101752
39 100168
39 98584
39 97000
39 95416
39 93832
39 92248
39 90664
39 89080
39 87496
39 85912
39 84328
39 82744
39 81160
39 79576
39 77992
39 76408
39 74824
39 73240
39 71656
39 70072
39 68488
39 66904
39 65320
39 63736
39 62152
39 60568
39 58984
39 57400
39 55816
39 54232
39 52648
39 51064
39 49480
39 47896
39 46312
39 44728
39 43144
39 41560
39 39976
39 38392
39 36808
42 43466
42 41986
42 40506
30 41765
16 53472
16 52095
16 50718
16 49341
16 47964
16 46587
16 45210
16 43833
16 42456
31 44130
31 42563
42 46999
42 45519
52 49123
52 48004
52 46885
52 45766
33 52394
33 50948
35 80275
35 79070
35 77865
35 76660
35 75455
35 74250
35 73045
35 71840
35 70635
35 69430
35 68225
35 67020
35 65815
35 64610
35 63405
35 62200
35 60995
35 59790
35 58585
35 57380
35 56175
35 54970
35 53765
35 52560
72 61935
72 60851
72 59767
35 70476
35 69271
35 68066
35 66861
35 70476
35 69271
35 68066
35 66861
16 69443
16 68066
15 72898
15 71366
39 154401
39 152817
39 151233
39 149649
39 148065
39 146481
39 144897
39 143313
39 141729
39 140145
39 138561
39 136977
39 135393
39 133809
39 132225
39 130641
39 129057
39 127473
39 125889
39 124305
39 122721
39 121137
39 119553
39 117969
39 116385
39 114801
39 113217
39 111633
39 110049
39 108465
39 106881
39 105297
39 103713
39 102129
39 100545
39 98961
39 97377
39 95793
39 94209
39 92625
39 91041
39 89457
39 87873
39 86289
39 84705
39 83121
39 81537
39 79953
39 78369
39 76785
39 75201
39 73617
34 81587
34 80089
72 108521
72 107437
72 106353
72 105269
72 104185
72 103101
72 102017
72 100933
72 99849
72 98765
72 97681
72 96597
72 95513
72 94429
72 93345
72 92261
72 91177
72 90093
72 89009
72 87925
72 86841
72 85757
72 84673
72 83589
72 82505
72 81421
83 83144
83 81801
38 85226
38 83418
16 86289
16 84912
16 86901
16 85524
91 89351
91 88301
91 87251
2 90661
2 89611
2 88561
26 90456
81 92793
81 91743
81 90693
22 90783
42 95043
42 93563
16 100687
16 99310
16 97933
83 104125
83 102782
52 106078
83 107239
52 107404
91 112458
42 119688
57 123029
10 128633
35 133723
35 135181
52 138692
52 137573
52 136454
52 135335
45 165955
45 160462
45 154969
45 149476
45 143983
45 138490
10 143570
10 142486
10 141402
10 140318
91 140386
30 142051
30 140553
37 145289
39 163075
39 161491
39 159907
39 158323
39 156739
39 155155
39 153571
39 151987
39 150403
39 148819
39 147235
67 148756
91 150583
22 179990
22 178699
22 177408
22 176117
22 174826
22 173535
22 172244
22 170953
22 169662
22 168371
22 167080
22 165789
22 164498
37 165835
52 167930
48 195885
48 192424
48 188963
48 185502
48 182041
48 178580
48 175119
48 171658
48 168197
16 170646
16 169269
62 172273
62 170965
83 174502
85 174641
78 176091
78 174834
63 176611
21 178625
31 192758
31 191191
31 189624
31 188057
31 186490
31 184923
31 183356
31 181789
31 180222
31 178655
21 181061
21 180028
21 178995
54 182669
54 181223
54 179777
16 190181
74 192389
31 207836
31 206269
31 204702
31 203135
31 201568
31 200001
31 198434
31 196867
31 195300
31 193733
22 221063
22 219772
22 218481
22 217190
22 215899
22 214608
22 213317
22 212026
22 210735
22 209444
22 208153
22 206862
22 205571
22 204280
22 202989
22 201698
22 200407
22 199116
22 197825
22 196534
22 195243
22 193952
16 195866
48 200414
42 207091
58 215749
58 250828
58 249795
58 248762
58 247729
58 246696
58 245663
58 244630
58 243597
58 242564
58 241531
58 240498
58 239465
58 238432
58 237399
58 236366
58 235333
58 234300
58 233267
58 232234
58 231201
58 230168
58 229135
58 228102
58 227069
58 226036
58 225003
58 223970
58 222937
34 229860
91 236606
77 239815
31 239945
32 241856
31 246362
31 244795
91 248756
26 265805
26 264738
26 263671
26 262604
26 261537
26 260470
26 259403
26 258336
26 257269
26 256202
26 255135
26 254068
26 253001
26 251934
16 254297
91 257565
79 261897
42 264035
22 283028
52 309162
52 320264
83 320750
16 445047
33 475776
38 522566
38 520758
52 637301
52 636182
125 
1 1
707 30 126
2 1
2235 17 108
3 1
4200 63 1
4 1
6120 31 115
5 1
7447 52 31
6 1
7468 10 52
7 1
7845 74 25
8 1
8183 79 73
9 1
10831 40 84
10 1
11696 91 136
11 1
77846 91 136
12 1
14941 72 95
13 1
16367 79 73
14 1
16629 10 77
15 1
23392 91 136
17 1
28837 54 123
18 1
29883 72 95
19 1
33452 83 9
20 1
35377 91 22
21 1
36808 39 42
22 1
40506 42 108
23 1
41765 30 16
24 1
42456 16 4
25 1
42563 31 128
26 1
45519 42 130
27 1
45766 52 94
28 1
51064 39 29
29 1
50948 33 27
30 1
52560 35 7
31 1
59767 72 95
32 1
66861 35 119
33 1
66861 35 119
34 1
68066 16 39
35 1
71366 15 119
36 1
73617 39 42
37 1
80089 34 32
38 1
81421 72 133
39 1
81801 83 125
40 1
83418 38 58
41 1
84912 16 4
42 1
85524 16 41
44 1
87251 91 100
45 1
88561 2 107
46 1
113585 72 36
47 1
90456 26 49
48 1
90693 81 13
49 1
90783 22 37
50 1
93563 42 102
51 1
97933 16 97
52 1
102782 83 71
53 1
106078 52 9
54 1
107239 83 78
55 1
107404 52 132
56 1
112458 91 132
57 1
119688 42 119
58 1
123928 39 113
59 1
123029 57 105
60 1
146104 39 84
61 1
128633 10 68
63 1
133723 35 119
64 1
135181 35 96
65 1
135335 52 132
66 1
138490 45 133
67 1
140318 10 33
68 1
140386 91 47
70 1
140553 30 130
71 1
154024 39 72
72 1
143570 10 28
73 1
145289 37 103
74 1
147235 39 42
75 1
148756 67 3
76 1
150583 91 73
77 1
164498 22 4
78 1
165835 37 75
79 1
167930 52 56
80 1
168197 48 128
81 1
169269 16 37
82 1
170965 62 130
83 1
174502 83 6
85 1
174641 85 102
86 1
174834 78 108
87 1
176611 63 40
88 1
178625 21 12
89 1
178655 31 60
90 1
178995 21 12
91 1
179777 54 48
92 1
184923 31 32
93 1
195885 48 129
94 1
192758 31 37
95 1
192758 31 105
96 1
190181 16 9
97 1
192389 74 6
98 1
193733 31 18
99 1
193952 22 112
100 1
195866 16 97
101 1
200414 48 44
103 1
217384 39 96
104 1
207091 42 108
105 1
212026 22 95
106 1
214216 39 132
107 1
215749 58 76
108 1
215749 58 76
109 1
222937 58 110
110 1
239465 58 80
111 1
229860 34 41
112 1
236606 91 34
113 1
239815 77 127
114 1
239945 31 105
116 1
241856 32 8
117 1
244795 31 38
118 1
248756 91 38
119 1
251934 26 69
120 1
254297 16 129
121 1
257565 91 47
122 1
261897 79 74
123 1
264035 42 73
125 1
283028 22 55
126 1
283446 22 55
127 1
309162 52 38
128 1
320264 52 25
129 1
320750 83 77
130 1
445047 16 110
131 1
475776 33 53
132 1
520758 38 99
133 1
636182 52 62
204207 
845 
6 885
33 2138
6 9603
6 8608
6 7613
6 6618
6 5623
6 4628
63 6798
32 8437
66 9684
32 10737
70 15635
70 14474
70 13313
70 12152
70 10991
53 11024
56 11853
6 16466
6 15471
63 22366
63 21358
63 20350
63 19342
63 18334
63 17326
11 24111
11 23193
11 22275
11 21357
11 20439
11 19521
11 18603
48 22131
48 21009
48 19887
6 23210
6 22215
6 21220
6 20225
73 20818
6 22854
6 21859
6 20864
11 23168
11 22250
11 21332
70 24335
70 23174
63 28556
63 27548
63 26540
63 25532
63 24524
63 23516
7 26241
7 25450
7 24659
7 23868
70 73137
70 71976
70 70815
70 69654
70 68493
70 67332
70 66171
70 65010
70 63849
70 62688
70 61527
70 60366
70 59205
70 58044
70 56883
70 55722
70 54561
70 53400
70 52239
70 51078
70 49917
70 48756
70 47595
70 46434
70 45273
70 44112
70 42951
70 41790
70 40629
70 39468
70 38307
70 37146
70 35985
70 34824
70 33663
70 32502
70 31341
70 30180
70 29019
70 27858
70 26697
70 25536
70 24375
73 35954
73 34704
73 33454
73 32204
73 30954
73 29704
73 28454
73 27204
73 25954
73 24704
24 29134
24 24885
43 29450
43 28621
43 27792
43 26963
11 27486
8 28846
8 27660
47 30949
47 29967
42 29993
6 30943
56 37019
56 36228
56 35437
56 34646
56 33855
56 33064
56 32273
56 31482
32 32758
32 31572
56 35636
56 34845
56 34054
63 37348
63 36340
63 48537
63 47529
63 46521
63 45513
63 44505
63 43497
63 42489
63 41481
63 40473
63 39465
63 38457
63 37449
20 41533
20 37935
32 39837
32 38651
6 40450
6 41728
19 51212
19 50358
19 49504
19 48650
19 47796
19 46942
19 46088
19 45234
19 44380
19 43526
19 42672
19 41818
8 46862
8 45676
8 44490
8 43304
8 42118
23 43009
74 45147
11 48526
11 47608
70 53394
70 52233
70 51072
70 49911
70 48750
70 53394
70 52233
70 51072
70 49911
70 48750
45 61568
45 60548
45 59528
45 58508
45 57488
45 56468
45 55448
45 54428
45 53408
45 52388
45 51368
45 50348
66 51888
8 51974
6 52913
32 97907
32 96721
32 95535
32 94349
32 93163
32 91977
32 90791
32 89605
32 88419
32 87233
32 86047
32 84861
32 83675
32 82489
32 81303
32 80117
32 78931
32 77745
32 76559
32 75373
32 74187
32 73001
32 71815
32 70629
32 69443
32 68257
32 67071
32 65885
32 64699
32 63513
32 62327
32 61141
32 59955
32 58769
32 57583
32 56397
32 55211
32 54025
24 54026
6 55161
6 54166
11 55736
66 56812
19 57910
19 57056
42 62436
42 61671
42 60906
42 60141
42 59376
42 58611
42 57846
11 59991
11 59073
52 59481
52 60423
77 62093
77 60843
24 60843
23 61993
23 60960
20 61619
70 74469
70 73308
70 72147
70 70986
70 69825
70 68664
70 67503
70 66342
70 65181
70 64020
70 62859
45 65213
45 64193
23 64293
32 66903
32 65717
11 68151
23 69205
23 68172
69 69755
20 87812
20 84214
20 80616
20 77018
20 73420
20 69822
5 73490
5 72597
5 71704
5 70811
4 73632
86 106686
86 105819
86 104952
86 104085
86 103218
86 102351
86 101484
86 100617
86 99750
86 98883
86 98016
86 97149
86 96282
86 95415
86 94548
86 93681
86 92814
86 91947
86 91080
86 90213
86 89346
86 88479
86 87612
86 86745
86 85878
86 85011
86 84144
86 83277
86 82410
86 81543
86 80676
86 79809
86 78942
86 78075
86 77208
86 76341
86 75474
86 74607
86 73740
66 76530
66 75433
66 74336
11 76176
11 75258
11 74340
77 76072
88 85313
88 80720
88 76127
63 78398
63 77390
52 78634
52 77780
84 78631
34 80457
34 79488
8 82184
8 80998
8 83218
8 82032
52 103446
52 102592
52 101738
52 100884
52 100030
52 99176
52 98322
52 97468
52 96614
52 95760
52 94906
52 94052
52 93198
52 92344
52 91490
52 90636
52 89782
52 88928
52 88074
52 87220
52 86366
52 85512
52 84658
52 83804
52 82950
52 82096
19 85344
19 84490
19 83636
6 100881
6 99886
6 98891
6 97896
6 96901
6 95906
6 94911
6 93916
6 92921
6 91926
6 90931
6 89936
6 88941
47 110895
47 109913
47 108931
47 107949
47 106967
47 105985
47 105003
47 104021
47 103039
47 102057
47 101075
47 100093
47 99111
47 98129
47 97147
47 96165
47 95183
47 94201
47 93219
47 92237
47 91255
47 90273
24 137654
24 133405
24 129156
24 124907
24 120658
24 116409
24 112160
24 107911
24 103662
24 99413
24 95164
24 90915
9 111816
9 110604
9 109392
9 108180
9 106968
9 105756
9 104544
9 103332
9 102120
9 100908
9 99696
9 98484
9 97272
9 96060
9 94848
9 93636
9 92424
9 91212
23 100461
23 99428
23 98395
23 97362
23 96329
23 95296
70 97501
20 112085
20 108487
20 104889
20 101291
26 106602
26 105786
26 104970
26 104154
26 103338
26 102522
26 101706
63 106687
23 107870
32 112795
32 111609
32 110423
32 109237
32 108051
32 116234
32 115048
32 113862
32 112676
32 111490
32 110304
32 109118
63 109120
63 121438
63 120430
63 119422
63 118414
63 117406
63 116398
63 115390
63 114382
63 113374
63 112366
63 111358
24 128403
24 124154
24 119905
24 115656
24 111407
47 111510
24 129920
24 125671
24 121422
24 117173
24 112924
49 113963
73 115217
73 113967
56 125900
56 125109
56 124318
56 123527
56 122736
56 121945
56 121154
56 120363
56 119572
56 118781
56 117990
56 117199
56 116408
56 115617
56 114826
56 114035
63 119248
63 118240
63 117232
63 116224
63 115216
63 114208
42 115693
5 117857
23 121921
5 130040
5 129147
5 128254
5 127361
5 126468
5 125575
5 124682
5 123789
5 122896
5 122003
42 123856
42 123091
42 122326
45 133060
45 132040
45 131020
45 130000
45 128980
45 127960
45 126940
45 125920
45 124900
45 123880
45 122860
32 124667
32 123481
74 124342
6 125383
7 127019
8 128108
63 135368
63 134360
63 133352
63 132344
63 131336
63 130328
6 139016
6 138021
6 137026
6 136031
6 135036
6 134041
6 133046
6 132051
6 131056
4 153542
4 152611
4 151680
4 150749
4 149818
4 148887
4 147956
4 147025
4 146094
4 145163
4 144232
4 143301
4 142370
4 141439
4 140508
4 139577
4 138646
4 137715
4 136784
4 135853
4 134922
4 133991
4 133060
33 133180
23 144720
23 143687
23 142654
23 141621
23 140588
23 139555
23 138522
23 137489
23 136456
23 135423
23 134390
8 154726
8 153540
8 152354
8 151168
8 149982
8 148796
8 147610
8 146424
8 145238
8 144052
8 142866
8 141680
8 140494
8 139308
8 138122
8 136936
8 135750
8 134564
41 135993
52 136631
32 141868
32 140682
32 139496
32 138310
32 137124
11 147376
11 146458
11 145540
11 144622
11 143704
11 142786
11 141868
11 140950
11 140032
63 144899
74 150745
74 149967
74 149189
74 148411
74 147633
74 146855
74 146077
74 145299
6 145831
24 154489
24 150240
24 145991
26 147125
86 152683
86 151816
86 150949
86 150082
86 149215
86 148348
86 147481
77 168386
77 167136
77 165886
77 164636
77 163386
77 162136
77 160886
77 159636
77 158386
77 157136
77 155886
77 154636
77 153386
77 152136
77 150886
77 149636
77 148386
56 148464
52 150206
85 155749
85 154576
85 153403
85 152230
85 151057
6 151244
6 156984
6 155989
6 154994
6 153999
6 153004
6 152009
63 158820
63 157812
63 156804
63 155796
63 154788
63 153780
56 153792
8 174895
8 173709
8 172523
8 171337
8 170151
8 168965
8 167779
8 166593
8 165407
8 164221
8 163035
8 161849
8 160663
8 159477
8 158291
8 157105
8 155919
8 154733
47 155766
20 161370
20 157772
6 163574
6 162579
6 161584
6 160589
6 159594
6 158599
23 165360
23 164327
23 163294
23 162261
23 161228
23 160195
52 169317
52 168463
52 167609
52 166755
52 165901
52 165047
52 164193
63 166427
63 171569
63 170561
63 169553
63 168545
63 167537
63 166529
11 175746
11 174828
11 173910
11 172992
11 172074
11 171156
11 170238
53 190525
53 189620
53 188715
53 187810
53 186905
53 186000
53 185095
53 184190
53 183285
53 182380
53 181475
53 180570
53 179665
53 178760
53 177855
53 176950
53 176045
53 175140
53 174235
53 173330
53 172425
53 171520
53 170615
62 188147
62 188971
5 193538
5 192645
5 191752
63 212226
63 211218
63 210210
63 209202
63 208194
63 207186
63 206178
63 205170
63 204162
63 203154
63 202146
63 201138
63 200130
63 199122
63 198114
63 197106
63 196098
63 195090
63 194082
63 193074
63 192066
34 198491
32 217292
32 216106
32 214920
32 213734
32 212548
32 211362
32 210176
32 208990
32 207804
6 218391
6 217396
6 216401
6 215406
6 214411
6 213416
88 231788
88 227195
88 222602
88 218009
88 213416
41 231792
56 238814
56 238023
62 246643
32 246963
32 252209
32 251023
32 249837
32 248651
32 247465
32 416794
32 415608
20 502395
210 
1 1
885 6 24
2 1
2138 33 57
3 1
4628 6 94
4 1
6798 63 48
6 1
8437 32 110
7 1
9603 6 36
8 1
9684 66 27
10 1
10737 32 91
11 1
10991 70 102
12 1
11024 53 25
14 1
11853 56 111
15 1
15471 6 35
16 1
17326 63 60
19 1
18603 11 67
20 1
19887 48 28
21 1
20225 6 64
23 1
20818 73 51
24 1
20864 6 99
26 1
21332 11 96
27 1
23210 6 25
28 1
23174 70 27
29 1
24111 11 106
31 1
23516 63 3
33 1
23868 7 106
34 1
24375 70 10
35 1
24704 73 51
36 1
24885 24 29
37 1
26963 43 58
38 1
27486 11 67
39 1
29134 24 80
40 1
27660 8 84
41 1
29967 47 61
42 1
29993 42 62
43 1
30943 6 35
44 1
31482 56 41
45 1
31572 32 100
46 1
37019 56 9
47 1
73137 70 112
48 1
34054 56 77
49 1
36340 63 111
50 1
37348 63 11
51 1
37449 63 57
53 1
37935 20 24
54 1
38651 32 16
55 1
40450 6 64
56 1
41728 6 99
58 1
41818 19 72
59 1
42118 8 42
60 1
43009 23 29
61 1
44212 20 57
62 1
48537 63 14
63 1
45147 74 92
64 1
73137 70 27
65 1
47608 11 51
66 1
48750 70 10
67 1
48750 70 10
68 1
50348 45 96
69 1
51888 66 75
70 1
51974 8 43
71 1
52913 6 65
72 1
54025 32 8
73 1
54026 24 73
74 1
54166 6 90
75 1
55736 11 96
76 1
56812 66 24
77 1
57056 19 93
78 1
57846 42 35
79 1
59073 11 113
80 1
97907 32 23
81 1
59481 52 29
82 1
60423 52 14
83 1
60843 77 73
84 1
60843 24 73
85 1
60960 23 66
86 1
61619 20 92
87 1
62859 70 91
88 1
64193 45 67
89 1
64293 23 51
90 1
65717 32 2
91 1
68151 11 27
92 1
68172 23 81
93 1
69755 69 60
94 1
69822 20 98
95 1
70811 5 20
96 1
73632 4 20
97 1
73740 86 39
98 1
74336 66 27
99 1
74340 11 44
100 1
76072 77 48
101 1
76127 88 12
102 1
106686 86 56
103 1
77390 63 100
104 1
77780 52 73
105 1
87812 20 57
106 1
78631 84 2
107 1
79488 34 33
108 1
80998 8 77
109 1
82032 8 52
110 1
82096 52 68
111 1
85313 88 106
112 1
83636 19 72
114 1
97907 32 87
115 1
106686 86 67
116 1
88941 6 90
117 1
90273 47 55
118 1
90915 24 82
119 1
91212 9 8
120 1
97907 32 35
121 1
111816 9 102
122 1
95296 23 88
123 1
103446 52 13
124 1
111816 9 94
125 1
97501 70 10
126 1
103446 52 29
127 1
106686 86 78
128 1
101291 20 85
129 1
101706 26 108
130 1
108931 47 41
131 1
106687 63 109
132 1
107870 23 51
133 1
108051 32 8
135 1
108655 24 58
136 1
109118 32 97
137 1
109120 63 75
138 1
109400 24 1
139 1
111816 9 40
140 1
111358 63 71
141 1
111407 24 104
142 1
111510 47 65
143 1
121438 63 62
144 1
112676 20 70
145 1
112924 24 43
146 1
113963 49 65
147 1
113967 73 102
149 1
114035 56 13
150 1
114208 63 103
151 1
116234 32 84
152 1
115693 42 35
153 1
117857 5 6
154 1
121438 63 53
155 1
137654 24 73
156 1
121921 23 66
157 1
122003 5 29
158 1
122326 42 53
159 1
122860 45 50
160 1
123481 32 88
161 1
124342 74 101
162 1
125383 6 8
164 1
127019 7 1
165 1
128108 8 43
166 1
130328 63 23
167 1
131056 6 24
168 1
133060 4 45
169 1
133180 33 109
171 1
134390 23 96
172 1
134564 8 86
173 1
135993 41 105
174 1
136631 52 73
175 1
153542 4 33
176 1
137124 32 9
177 1
138567 24 69
178 1
140032 11 44
179 1
142786 11 3
180 1
144720 23 90
181 1
154726 8 59
182 1
144899 63 37
183 1
145299 74 11
184 1
145831 6 105
185 1
145991 24 80
186 1
147125 26 109
187 1
147481 86 39
188 1
153542 4 104
189 1
148386 77 60
190 1
148464 56 9
191 1
150745 74 51
192 1
150206 52 70
193 1
151057 85 10
194 1
152683 86 35
195 1
151244 6 105
196 1
152009 6 105
197 1
153780 63 109
198 1
153792 56 6
199 1
154733 8 17
200 1
155766 47 88
201 1
157322 24 103
202 1
157325 24 102
203 1
157395 6 14
204 1
157772 20 70
205 1
158599 6 18
206 1
160195 23 80
207 1
164193 52 68
208 1
166427 63 70
209 1
166529 63 91
210 1
170238 11 61
211 1
170615 53 33
212 1
188147 62 15
213 1
188971 62 15
214 1
191752 5 107
215 1
192066 63 37
216 1
198491 34 12
217 1
207804 32 14
218 1
213416 6 31
219 1
213416 88 15
220 1
231792 41 92
221 1
238023 56 85
222 1
246643 62 34
223 1
246963 32 88
224 1
247465 32 88
225 1
415608 32 14
226 1
502395 20 22
499569 
487 
40 647
70 19094
70 18361
70 17628
70 16895
70 16162
70 15429
70 14696
70 13963
70 13230
70 12497
70 11764
70 11031
70 10298
70 9565
70 8832
70 8099
70 7366
70 6633
70 5900
70 5167
70 4434
70 3701
70 2968
70 2235
70 1502
93 5871
9 22132
9 21109
9 20086
9 19063
9 18040
9 17017
9 15994
9 14971
9 13948
9 12925
9 11902
9 10879
9 9856
85 12514
74 13910
15 14144
55 14762
39 32514
39 28178
39 23842
39 19506
39 15170
95 15191
2 15922
40 17214
40 16258
15 16981
33 18436
9 20736
9 19713
39 37673
39 33337
39 29001
39 24665
39 20329
29 20847
8 23666
70 24781
81 26134
81 25189
9 31532
9 30509
86 44780
86 43913
86 43046
86 42179
86 41312
86 40445
86 39578
86 38711
86 37844
86 36977
86 36110
86 35243
86 34376
86 33509
86 32642
86 31775
86 30908
56 51830
56 51119
56 50408
56 49697
56 48986
56 48275
56 47564
56 46853
56 46142
56 45431
56 44720
56 44009
56 43298
56 42587
56 41876
56 41165
56 40454
56 39743
56 39032
56 38321
56 37610
56 36899
56 36188
56 35477
56 34766
56 34055
82 36724
82 35957
77 57096
77 56218
77 55340
77 54462
77 53584
77 52706
77 51828
77 50950
77 50072
77 49194
77 48316
77 47438
77 46560
77 45682
77 44804
77 43926
77 43048
77 42170
77 41292
77 40414
77 39536
57 41918
57 40751
57 39584
24 42826
24 41970
10 44867
10 43744
10 42621
73 43831
73 42708
6 47061
6 46005
6 44949
74 46213
74 45057
10 46355
10 45232
57 45284
6 48075
6 47019
6 45963
83 49116
83 48216
70 49563
40 51671
40 50715
40 49759
81 50379
24 51301
24 50445
74 50568
30 52643
11 70423
11 69489
11 68555
11 67621
11 66687
11 65753
11 64819
11 63885
11 62951
11 62017
11 61083
11 60149
11 59215
11 58281
11 57347
11 56413
11 55479
11 54545
11 53611
11 52677
43 57567
43 56667
43 55767
43 54867
43 53967
43 53067
70 55078
73 56439
73 55316
30 56022
86 56056
30 58447
30 57691
30 56935
30 56179
6 58072
6 57016
15 58111
15 57244
87 76376
87 75554
87 74732
87 73910
87 73088
87 72266
87 71444
87 70622
87 69800
87 68978
87 68156
87 67334
87 66512
87 65690
87 64868
87 64046
87 63224
87 62402
87 61580
87 60758
87 59936
87 59114
87 58292
55 59719
55 59019
55 58319
73 67347
73 66224
73 65101
73 63978
73 62855
73 61732
73 60609
73 59486
73 58363
62 58502
15 62959
15 62092
15 61225
15 60358
15 59491
15 58624
74 60797
74 59641
9 61793
9 60770
9 59747
86 62683
86 61816
85 64157
74 66442
57 69431
57 68264
74 70573
74 69417
43 72366
43 71466
31 89627
31 88582
31 87537
31 86492
31 85447
31 84402
31 83357
31 82312
31 81267
31 80222
31 79177
31 78132
31 77087
31 76042
31 74997
31 73952
31 72907
31 71862
31 81303
31 80258
31 79213
31 78168
31 77123
77 85914
77 85036
77 84158
77 83280
77 82402
77 81524
77 80646
77 79768
77 78890
77 78012
77 77134
69 78278
74 80557
9 80865
73 81754
10 86493
10 85370
10 84247
10 83124
10 82001
46 82600
8 82768
19 82975
23 83940
86 84979
74 91660
74 90504
74 89348
74 88192
74 87036
56 87076
62 96193
62 95404
62 94615
62 93826
62 93037
62 92248
62 91459
62 90670
62 89881
62 89092
62 88303
62 87514
86 92942
86 92075
86 91208
86 90341
86 89474
86 88607
79 90477
57 90569
30 93044
69 97017
69 96028
69 95039
69 94050
69 93061
87 97145
93 106585
93 105740
93 104895
93 104050
93 103205
93 102360
93 101515
93 100670
93 99825
93 98980
93 98135
93 97290
86 102750
86 101883
86 101016
86 100149
86 99282
86 98415
84 107318
84 106396
84 105474
84 104552
84 103630
84 102708
84 101786
84 100864
19 102021
56 102879
15 103911
15 104870
62 109571
62 108782
62 107993
62 107204
46 108633
77 112511
77 111633
77 110755
56 110756
19 110885
72 111959
40 118712
40 117756
40 116800
40 115844
40 114888
40 113932
40 112976
40 112020
6 112987
6 114032
3 114044
76 115075
85 116015
42 118556
42 117433
42 116310
81 119249
81 118304
81 117359
12 117488
59 121802
59 120635
59 119468
9 119495
74 119746
19 126920
19 126209
19 125498
19 124787
19 124076
19 123365
19 122654
19 121943
19 121232
19 120521
19 119810
85 122296
85 121551
85 120806
85 120061
93 122030
29 124601
29 123845
74 126150
87 133664
87 132842
87 132020
87 131198
87 130376
87 129554
87 128732
87 127910
87 127088
7 128103
7 127214
77 127458
43 132688
43 131788
43 130888
43 129988
43 129088
43 128188
56 129288
67 130804
67 129748
10 131841
16 133010
93 134129
19 134155
29 135679
29 134923
29 134167
74 135270
86 136053
21 136213
59 138413
56 138634
74 138690
62 139790
74 140754
5 141567
19 141791
69 142861
69 141872
46 149052
46 148241
46 147430
24 148703
12 153995
12 152984
49 153068
93 156976
93 156131
9 157132
74 164282
17 187178
9 191591
13 194167
61 198078
62 216168
87 220854
46 237196
164 
1 1
647 40 35
2 1
1502 70 13
3 1
5871 93 74
4 1
9856 9 15
5 1
12514 85 16
6 1
13910 74 71
7 1
14144 15 12
8 1
14762 55 14
9 1
15170 39 67
10 1
15191 95 59
11 1
15922 2 66
12 1
16258 40 76
13 1
16981 15 78
15 1
18436 33 106
16 1
19713 9 15
17 1
20329 39 90
19 1
20847 29 33
20 1
23666 8 92
21 1
24781 70 91
22 1
25189 81 90
23 1
30509 9 14
24 1
30908 86 69
25 1
34055 56 77
26 1
35957 82 107
27 1
39402 39 104
28 1
39536 77 33
29 1
39584 57 27
30 1
41970 24 43
31 1
42621 10 12
32 1
42708 73 35
33 1
44867 10 107
34 1
44949 6 121
35 1
44954 86 72
36 1
45057 74 6
37 1
45232 10 86
38 1
45284 57 122
39 1
45284 57 122
40 1
45963 6 87
42 1
48216 83 107
43 1
49563 70 91
44 1
49759 40 51
45 1
50379 81 90
46 1
50445 24 127
47 1
50568 74 85
48 1
52643 30 127
50 1
52677 11 83
51 1
53067 43 66
52 1
70423 11 83
53 1
55078 70 91
54 1
55316 73 102
55 1
56022 30 22
56 1
56056 86 63
58 1
56179 30 51
59 1
57016 6 108
60 1
57244 15 12
61 1
58292 87 114
62 1
58319 55 123
63 1
58363 73 123
64 1
58502 62 31
65 1
58624 15 50
67 1
59641 74 76
68 1
59747 9 61
69 1
61816 86 69
70 1
62683 86 46
71 1
64157 85 87
72 1
66442 74 19
74 1
68264 57 2
75 1
69417 74 7
76 1
71466 43 125
77 1
71862 31 91
79 1
77123 31 75
80 1
77134 77 65
81 1
78278 69 8
82 1
80557 74 124
83 1
80865 9 17
84 1
85914 77 18
85 1
81754 73 114
86 1
82001 10 102
87 1
82600 46 87
88 1
82768 8 21
89 1
82975 19 89
90 1
82975 19 89
91 1
83940 23 43
92 1
84979 86 69
93 1
87036 74 61
94 1
87076 56 98
95 1
87514 62 122
96 1
88607 86 3
97 1
90477 79 15
98 1
90569 57 122
99 1
91660 74 61
101 1
93044 30 64
102 1
93061 69 113
103 1
97145 87 64
104 1
97290 93 112
105 1
98415 86 72
106 1
100864 84 43
107 1
102021 19 37
108 1
102879 56 90
109 1
103911 15 88
111 1
104870 15 109
112 1
107204 62 122
113 1
108633 46 28
114 1
110755 77 94
115 1
110756 56 90
116 1
110885 19 44
117 1
111959 72 118
118 1
112020 40 80
119 1
112987 6 58
121 1
114032 6 108
122 1
114044 3 59
123 1
115075 76 100
124 1
116015 85 70
125 1
116310 42 125
126 1
117359 81 5
127 1
117488 12 55
128 1
119468 59 109
129 1
119495 9 61
130 1
119746 74 5
131 1
119810 19 22
132 1
120061 85 68
133 1
121802 59 79
134 1
121802 59 116
135 1
126920 19 102
136 1
122030 93 41
137 1
123845 29 38
140 1
124601 29 65
141 1
126150 74 65
142 1
127088 87 1
143 1
127214 7 117
145 1
127458 77 110
146 1
128188 43 41
147 1
129288 56 127
148 1
129748 67 48
149 1
131841 10 19
150 1
133010 16 53
151 1
134129 93 97
152 1
134155 19 40
153 1
134167 29 13
154 1
135270 74 42
155 1
136053 86 80
156 1
136213 21 30
157 1
138413 59 79
158 1
138634 56 123
159 1
138690 74 44
160 1
139790 62 121
161 1
140754 74 7
162 1
141567 5 45
163 1
141791 19 44
165 1
141872 69 96
166 1
147430 46 65
167 1
148703 24 75
170 1
152984 12 115
171 1
153068 49 47
172 1
156131 93 31
173 1
157132 9 23
174 1
164282 74 7
176 1
187178 17 3
179 1
191591 9 23
180 1
194167 13 49
181 1
198078 61 66
182 1
216168 62 94
183 1
220854 87 124
184 1
237196 46 45
258870 
442 
86 1826
86 801
43 6273
36 9919
36 8979
36 8039
36 7099
56 33979
56 33186
56 32393
56 31600
56 30807
56 30014
56 29221
56 28428
56 27635
56 26842
56 26049
56 25256
56 24463
56 23670
56 22877
56 22084
56 21291
56 20498
56 19705
56 18912
56 18119
56 17326
56 16533
56 15740
56 14947
56 14154
56 13361
56 12568
56 11775
56 10982
56 10189
8 11482
14 11482
14 12546
81 14235
81 13076
1 13756
21 14199
86 15223
56 22757
56 21964
56 21171
56 20378
90 21651
29 22414
32 25806
32 25049
32 24292
32 23535
36 23999
72 26166
54 32138
54 31320
54 30502
54 29684
92 114179
92 113007
92 111835
92 110663
92 109491
92 108319
92 107147
92 105975
92 104803
92 103631
92 102459
92 101287
92 100115
92 98943
92 97771
92 96599
92 95427
92 94255
92 93083
92 91911
92 90739
92 89567
92 88395
92 87223
92 86051
92 84879
92 83707
92 82535
92 81363
92 80191
92 79019
92 77847
92 76675
92 75503
92 74331
92 73159
92 71987
92 70815
92 69643
92 68471
92 67299
92 66127
92 64955
92 63783
92 62611
92 61439
92 60267
92 59095
92 57923
92 56751
92 55579
92 54407
92 53235
92 52063
92 50891
92 49719
92 48547
92 47375
92 46203
92 45031
92 43859
92 42687
92 41515
92 40343
92 39171
92 37999
92 36827
92 35655
92 34483
92 33311
92 32139
29 33738
17 46333
17 45076
17 43819
17 42562
17 41305
17 40048
17 38791
17 37534
17 36277
17 35020
64 37945
64 36834
64 35723
8 36225
41 37157
45 39601
45 38478
66 40918
50 42450
50 41693
50 40936
33 41168
7 44884
7 43639
83 62966
83 58168
83 53370
83 48572
83 43774
86 45790
86 44765
86 56723
86 55698
86 54673
86 53648
86 52623
86 51598
86 50573
86 49548
86 48523
86 47498
86 46473
86 45448
75 47907
75 46821
36 58159
36 57219
36 56279
36 55339
36 54399
36 53459
36 52519
36 51579
36 50639
36 49699
36 48759
36 47819
36 46879
72 47078
29 49216
29 48020
64 50251
45 51651
45 50528
31 52700
66 57818
66 56817
66 55816
66 54815
66 53814
66 52813
9 61139
9 59967
9 58795
9 57623
9 56451
9 55279
9 54107
89 58218
90 61811
90 60578
90 59345
54 59368
4 59430
86 64602
86 63577
86 62552
86 61527
86 60502
86 59477
9 70112
9 68940
9 67768
9 66596
9 65424
9 64252
9 63080
92 75999
92 74827
92 73655
92 72483
92 71311
92 70139
92 68967
92 67795
92 66623
92 65451
92 64279
52 78948
52 78021
52 77094
52 76167
52 75240
52 74313
52 73386
52 72459
52 71532
52 70605
52 69678
52 68751
52 67824
52 66897
52 65970
52 65043
64 71446
39 83203
39 82373
39 81543
39 80713
39 79883
39 79053
39 78223
39 77393
39 76563
39 75733
39 74903
39 74073
39 73243
39 72413
18 72879
19 77239
90 82596
90 81363
90 80130
3 82408
3 81236
32 102023
32 101266
32 100509
32 99752
32 98995
32 98238
32 97481
32 96724
32 95967
32 95210
32 94453
32 93696
32 92939
32 92182
32 91425
32 90668
32 89911
32 89154
32 88397
32 87640
32 86883
32 86126
32 85369
32 84612
32 83855
32 83098
32 82341
34 83782
38 84924
38 83862
86 95860
86 94835
86 93810
86 92785
86 91760
86 90735
86 89710
86 88685
86 87660
86 86635
86 85610
86 84585
86 96838
86 95813
86 94788
86 93763
86 92738
86 91713
86 90688
86 89663
86 88638
86 87613
86 86588
86 85563
29 87219
29 86023
83 87548
9 90819
9 89647
14 90714
54 90751
86 92946
86 91921
86 90896
16 91199
48 92250
64 100503
48 122702
48 121543
48 120384
48 119225
48 118066
48 116907
48 115748
48 114589
48 113430
48 112271
48 111112
48 109953
48 108794
48 107635
48 106476
48 105317
48 104158
48 102999
21 106582
76 107923
32 109048
63 110489
66 111834
32 118750
32 121132
32 120375
32 119618
32 121315
32 120558
32 119801
1 120185
9 131001
9 129829
9 128657
9 127485
9 126313
9 125141
9 123969
9 122797
9 121625
9 120453
24 121705
78 126165
18 128359
18 127370
92 130903
92 129731
92 128559
52 131014
52 130087
38 132277
38 131215
49 133205
49 132204
88 143248
88 142162
88 141076
88 139990
88 138904
88 137818
88 136732
88 135646
88 134560
88 133474
88 132388
79 135038
79 134245
79 133452
79 132659
16 133397
81 133615
1 142494
86 143528
32 148108
3 151805
1 157067
58 159416
35 166523
38 170346
38 169284
38 168222
16 182399
24 182732
46 232553
64 247400
64 246289
64 245178
64 244067
64 242956
64 241845
64 240734
64 239623
64 238512
48 414752
64 477024
113 
1 1
801 86 114
2 1
6273 43 106
3 1
7099 36 69
4 1
10189 56 6
5 1
11482 8 148
6 1
11482 14 28
7 1
12546 14 106
8 1
13076 81 69
9 1
13756 1 120
10 1
14199 21 69
11 1
15223 86 60
12 1
20378 56 6
13 1
21651 90 142
14 1
22414 29 23
15 1
23535 32 29
17 1
23999 36 42
18 1
26166 72 136
20 1
29684 54 150
21 1
32139 92 96
22 1
33738 29 48
23 1
35020 17 48
24 1
35723 64 121
25 1
64955 92 133
26 1
36225 8 69
27 1
37157 41 25
29 1
38478 45 32
30 1
40918 66 89
31 1
40936 50 146
32 1
41168 33 59
33 1
43639 7 136
34 1
43774 83 116
35 1
44765 86 19
36 1
45448 86 95
38 1
46821 75 115
39 1
46879 36 122
40 1
47078 72 73
41 1
48020 29 124
42 1
49216 29 78
43 1
50251 64 82
44 1
50528 45 72
46 1
52700 31 25
47 1
52813 66 113
49 1
54107 9 34
51 1
58218 89 66
52 1
59345 90 84
53 1
59368 54 150
54 1
59430 4 148
55 1
59477 86 46
56 1
63080 9 15
57 1
64279 92 96
58 1
65043 52 2
59 1
66264 83 18
60 1
71446 64 121
61 1
72413 39 72
62 1
72879 18 97
63 1
77239 19 15
64 1
80130 90 97
65 1
81236 3 134
66 1
82341 32 60
67 1
83782 34 120
68 1
83862 38 20
69 1
84585 86 85
70 1
114179 92 71
71 1
85563 86 85
72 1
86023 29 148
73 1
87548 83 116
74 1
89647 9 128
75 1
90714 14 148
77 1
90751 54 62
78 1
90896 86 95
79 1
91199 16 71
80 1
92250 48 13
82 1
100503 64 82
83 1
100503 64 82
84 1
100648 64 82
87 1
100648 64 82
88 1
102999 48 102
90 1
106582 21 61
91 1
107923 76 37
92 1
109048 32 98
93 1
110489 63 145
95 1
111834 66 146
97 1
118750 32 122
99 1
119618 32 122
100 1
119801 32 122
101 1
120185 1 92
102 1
120453 9 127
103 1
121705 24 137
104 1
126165 78 80
105 1
127370 18 137
106 1
128559 92 96
107 1
130087 52 2
108 1
131215 38 99
109 1
132204 49 76
110 1
132388 88 71
111 1
132659 79 134
112 1
133397 16 25
114 1
133615 81 103
115 1
142494 1 69
116 1
143528 86 59
117 1
148108 32 117
118 1
151805 3 134
119 1
151906 3 134
120 1
157067 1 24
121 1
159416 58 147
122 1
166523 35 142
123 1
168222 38 117
124 1
182399 16 71
125 1
182732 24 119
126 1
232553 46 132
127 1
238512 64 33
128 1
414752 48 69
129 1
477024 64 33
243324 
305 
15 32404
15 30885
15 29366
15 27847
15 26328
15 24809
15 23290
15 21771
15 20252
15 18733
15 17214
15 15695
15 14176
15 12657
15 11138
15 9619
15 8100
15 6581
1 10534
1 8635
1 6736
19 15517
19 14318
19 13119
15 16201
15 14682
15 13163
35 15088
50 15274
44 18550
79 23045
27 28873
27 27354
26 28647
2 33854
2 32335
2 30816
2 29297
46 33445
33 33474
23 66516
23 64917
23 63318
23 61719
23 60120
23 58521
23 56922
23 55323
23 53724
23 52125
23 50526
23 48927
23 47328
23 45729
23 44130
23 42531
23 40932
23 39333
23 37734
23 36135
23 34536
76 36706
76 34688
66 54840
66 53021
66 51202
66 49383
66 47564
66 45745
66 43926
66 42107
66 40288
66 38469
66 36650
70 43504
70 41725
48 50213
48 48674
48 47135
48 45596
88 46668
6 47019
66 65392
66 63573
66 61754
66 59935
66 58116
66 56297
66 54478
66 52659
66 50840
66 49021
71 50593
28 52891
31 56467
31 54768
31 53069
27 54709
57 56885
88 58846
76 69376
68 85846
68 84047
68 82248
68 80449
68 78650
42 79299
70 83451
27 90781
27 89262
27 87743
27 86224
81 87042
86 87144
60 97242
60 95783
60 94324
60 92865
60 91406
60 89947
60 88488
65 94075
65 92616
65 91157
65 89698
48 91192
48 95717
48 94178
48 92639
41 94913
86 96696
74 96815
15 97216
7 102753
10 115121
6 137979
6 136160
6 134341
6 132522
6 130703
6 128884
6 127065
6 125246
6 123427
6 121608
31 123264
43 130890
49 318636
49 317037
49 315438
49 313839
49 312240
49 310641
49 309042
49 307443
49 305844
49 304245
49 302646
49 301047
49 299448
49 297849
49 296250
49 294651
49 293052
49 291453
49 289854
49 288255
49 286656
49 285057
49 283458
49 281859
49 280260
49 278661
49 277062
49 275463
49 273864
49 272265
49 270666
49 269067
49 267468
49 265869
49 264270
49 262671
49 261072
49 259473
49 257874
49 256275
49 254676
49 253077
49 251478
49 249879
49 248280
49 246681
49 245082
49 243483
49 241884
49 240285
49 238686
49 237087
49 235488
49 233889
49 232290
49 230691
49 229092
49 227493
49 225894
49 224295
49 222696
49 221097
49 219498
49 217899
49 216300
49 214701
49 213102
49 211503
49 209904
49 208305
49 206706
49 205107
49 203508
49 201909
49 200310
49 198711
49 197112
49 195513
49 193914
49 192315
49 190716
49 189117
49 187518
49 185919
49 184320
49 182721
49 181122
49 179523
49 177924
49 176325
49 174726
49 173127
49 171528
49 169929
49 168330
49 166731
49 165132
49 163533
49 161934
49 160335
49 158736
49 157137
49 155538
49 153939
49 152340
49 150741
49 149142
60 158015
60 156556
18 161626
18 159987
18 158348
15 175833
15 174314
15 172795
15 171276
68 172961
65 179396
15 194433
34 196541
15 211956
15 210437
61 222491
37 229442
37 228103
37 226764
73 230889
34 236965
30 240869
34 243994
49 315874
49 314275
49 312676
49 311077
49 309478
49 307879
49 306280
49 304681
49 303082
49 301483
49 299884
49 298285
28 354414
28 353135
28 351856
28 350577
28 349298
28 348019
28 346740
28 345461
28 344182
28 342903
28 341624
28 340345
28 681969
28 680690
6 852846
6 851027
77 
2 1
6581 15 57
3 1
6736 1 51
7 1
13119 19 55
8 1
13163 15 57
9 1
15088 35 63
10 1
15274 50 140
13 1
32404 15 101
17 1
18550 44 15
21 1
23045 79 86
22 1
27354 27 71
24 1
28647 26 26
26 1
29297 2 104
30 1
33445 46 101
31 1
33474 33 53
34 1
34536 23 116
35 1
34688 76 33
36 1
36650 66 22
38 1
41725 70 140
39 1
45596 48 77
40 1
46668 88 14
41 1
47019 6 72
45 1
49021 66 126
46 1
50593 71 6
48 1
50593 71 6
49 1
52891 28 38
50 1
53069 31 62
51 1
54709 27 71
52 1
54709 27 71
54 1
56885 57 141
55 1
58846 88 63
61 1
69376 76 33
63 1
78650 68 131
64 1
79299 42 42
65 1
83451 70 140
66 1
86224 27 132
67 1
87042 81 141
68 1
87144 86 35
70 1
88488 60 28
72 1
89698 65 93
74 1
91192 48 77
75 1
91192 48 77
76 1
92639 48 77
77 1
94178 48 64
78 1
94913 41 117
79 1
96696 86 13
80 1
96815 74 96
81 1
96815 74 96
82 1
97216 15 57
84 1
102753 7 15
85 1
115121 10 40
88 1
121608 6 115
90 1
123264 31 24
92 1
130890 43 36
97 1
149142 49 29
99 1
156556 60 94
100 1
158348 18 38
101 1
171276 15 60
104 1
172961 68 131
106 1
179396 65 93
107 1
194433 15 57
108 1
194433 15 57
109 1
195098 15 57
110 1
195098 15 57
111 1
196541 34 30
113 1
210437 15 57
114 1
222491 61 15
115 1
222797 61 15
118 1
226764 37 41
121 1
230889 73 35
122 1
236965 34 81
123 1
240869 30 40
124 1
243994 34 31
128 1
317037 49 29
129 1
298285 49 29
130 1
340345 28 45
131 1
680690 28 45
133 1
851027 6 77
77982 
327 
47 695
57 3725
53 9037
53 7900
53 6763
53 5626
16 12495
16 11131
16 9767
22 24491
22 23385
22 22279
22 21173
22 20067
22 18961
22 17855
22 16749
22 15643
22 14537
22 13431
22 12325
22 11219
22 10113
72 15667
72 14712
72 13757
72 12802
60 25923
60 24453
60 22983
60 21513
60 20043
60 18573
60 17103
60 15633
60 14163
13 18427
13 17033
13 15639
22 23544
22 22438
22 21332
22 20226
11 29374
11 28162
11 26950
32 39764
32 34049
32 28334
82 30899
82 29899
58 33867
58 32458
58 31049
15 34981
15 33693
82 34756
82 33756
16 47620
16 46256
16 44892
16 43528
16 42164
16 40800
16 39436
16 38072
16 36708
16 35344
16 33980
16 38382
16 37018
16 35654
57 36921
57 36012
15 52543
57 53900
40 55012
11 57732
11 56520
40 57990
15 67387
81 70208
53 72917
53 71780
57 72025
21 76322
21 74791
21 73260
44 73418
8 74674
40 91012
40 90103
40 89194
40 88285
40 87376
40 86467
40 85558
40 84649
40 83740
40 82831
40 81922
40 81013
40 80104
40 79195
40 78286
40 77377
40 76468
40 75559
15 83791
15 82503
34 108014
34 103330
34 98646
34 93962
34 89278
34 84594
29 85242
44 90029
44 88680
45 98614
21 99551
53 107290
53 106153
53 105016
53 103879
15 105087
65 111734
65 110158
65 108582
44 109876
53 111263
42 111762
40 115981
10 118507
10 117158
17 121777
17 120595
72 139244
36 149139
36 147699
36 146259
36 144819
36 143379
21 146521
57 149528
57 148619
57 147710
43 149620
72 150888
40 152936
40 152027
40 151118
68 152601
32 159704
32 153989
44 159968
44 158619
73 160268
35 162312
35 161206
67 166814
67 165435
67 164056
67 162677
67 161298
51 161828
31 166707
27 167442
34 173873
34 169189
27 169674
29 170484
57 171861
26 187994
26 186403
26 184812
26 183221
26 181630
31 198693
31 197193
31 195693
31 194193
31 192693
31 191193
31 189693
31 188193
31 186693
31 185193
31 183693
57 198234
57 197325
57 196416
57 195507
57 194598
57 193689
57 192780
57 191871
57 190962
57 190053
57 189144
57 188235
57 187326
57 186417
57 185508
88 201427
88 200381
88 199335
88 198289
88 197243
88 196197
88 195151
88 194105
88 193059
88 192013
88 190967
88 189921
88 188875
88 187829
88 186783
10 199861
10 198512
10 197163
10 195814
10 194465
10 193116
10 191767
10 190418
8 198093
18 211611
18 210414
18 209217
18 208020
18 206823
18 205626
18 204429
18 203232
18 202035
18 200838
18 199641
39 212862
39 211392
39 209922
39 208452
39 206982
39 205512
39 204042
39 202572
39 201102
57 202402
65 220568
65 218992
65 217416
65 215840
65 214264
65 212688
65 211112
65 209536
65 207960
65 206384
9 208724
8 211390
56 216249
56 214764
56 213279
64 214550
90 216029
23 219704
23 218492
23 217280
58 222131
58 220722
58 219313
10 219342
32 223783
51 226492
27 227481
27 226542
27 227481
27 226542
56 232458
57 232820
18 241888
16 244655
13 246361
57 247757
57 248144
17 253891
84 261921
84 260587
84 259253
84 257919
84 256585
72 264013
72 263058
57 263063
72 264141
72 263186
76 270457
15 274979
72 278489
11 287402
27 291852
56 300431
56 298946
56 297461
56 295976
56 294491
8 297314
8 296147
64 299663
17 300616
9 307169
21 315708
8 336432
8 335265
8 334098
8 332931
8 331764
8 330597
8 329430
8 328263
8 327096
8 325929
8 324762
40 356802
26 363077
5 376407
121 
1 1
695 47 5
2 1
3725 57 74
3 1
5626 53 54
4 1
9767 16 24
5 1
10113 22 4
6 1
12802 72 46
7 1
14163 60 58
8 1
15639 13 7
10 1
20226 22 4
11 1
26950 11 132
12 1
28334 32 131
13 1
29899 82 148
14 1
31049 58 36
16 1
33693 15 24
17 1
33756 82 86
18 1
33980 16 62
19 1
35654 16 130
20 1
36012 57 97
23 1
52543 15 118
24 1
53900 57 132
25 1
55012 40 31
26 1
56520 11 99
27 1
57990 40 43
29 1
67387 15 24
30 1
70208 81 144
31 1
71780 53 58
32 1
72025 57 97
33 1
72025 57 97
34 1
73260 21 65
35 1
73418 44 68
36 1
74674 8 13
37 1
75559 40 26
39 1
82503 15 50
40 1
84594 34 87
41 1
85242 29 2
42 1
88680 44 63
44 1
108014 34 143
45 1
98614 45 126
46 1
99551 21 120
47 1
103879 53 84
48 1
105087 15 118
49 1
108582 65 14
51 1
109876 44 33
52 1
111263 53 33
53 1
111762 42 84
56 1
115981 40 43
57 1
117158 10 9
58 1
120595 17 103
60 1
139244 72 143
61 1
143379 36 71
63 1
146521 21 65
64 1
147710 57 12
65 1
149620 43 18
67 1
150888 72 144
68 1
151118 40 26
69 1
152601 68 63
70 1
153989 32 76
71 1
158619 44 40
73 1
160268 73 49
74 1
161206 35 66
75 1
161298 67 87
76 1
161828 51 74
77 1
166707 31 38
78 1
167442 27 67
79 1
167442 27 67
80 1
169189 34 87
81 1
169674 27 67
82 1
170484 29 2
83 1
171861 57 124
84 1
181630 26 51
85 1
183693 31 68
86 1
185508 57 107
87 1
186783 88 94
89 1
190418 10 9
90 1
198093 8 14
91 1
199641 18 47
93 1
204429 18 17
95 1
201102 39 87
96 1
202402 57 44
97 1
206384 65 3
98 1
208724 9 65
99 1
211390 8 135
100 1
213279 56 105
102 1
214550 64 6
103 1
216029 90 47
104 1
217280 23 39
106 1
219313 58 141
107 1
219342 10 26
108 1
223783 32 27
109 1
226492 51 98
110 1
226542 27 133
111 1
226542 27 133
112 1
232458 56 23
113 1
232820 57 13
114 1
241888 18 47
115 1
244655 16 19
116 1
246361 13 146
117 1
247757 57 10
118 1
248144 57 10
119 1
248144 57 10
120 1
253891 17 88
121 1
256585 84 52
122 1
263058 72 62
123 1
263063 57 26
125 1
263186 72 62
126 1
270457 76 99
127 1
274979 15 109
128 1
278489 72 143
129 1
287402 11 65
130 1
291852 27 105
131 1
294491 56 8
132 1
296147 8 118
133 1
299663 64 16
134 1
300616 17 97
135 1
307169 9 118
136 1
315708 21 60
137 1
324762 8 17
139 1
356802 40 6
140 1
363077 26 51
141 1
363260 26 51
142 1
376407 5 142
147334 
