613 
139 89245
75 373719
16 559608
138 632583
32 698403
16 723556
161 781196
32 799128
111 828173
141 873538
34 899350
34 901136
5 906123
85 909729
198 946611
2 957007
156 964762
16 1036847
83 1037764
100 1049276
156 1078281
140 1111931
157 1196055
32 1260853
156 1269872
40 1381096
181 1417241
144 1419955
75 1438081
139 1588599
28 1595577
156 1631475
156 1641428
114 1658190
75 1679543
192 1723213
65 1781441
32 1788225
46 1827804
75 1866410
117 1882765
138 1892859
202 2083114
120 2084734
192 2085948
79 2121582
146 2124089
146 2125265
25 2187028
25 2189504
25 2205228
21 2225190
99 2320955
164 2327380
89 2354080
37 2361966
164 2379529
36 2388811
157 2409210
60 2532310
169 2546916
58 2587160
140 2594761
157 2639483
184 2649679
15 2658618
195 2697803
118 2698916
111 2715396
190 2763987
133 2792138
133 2792138
72 2810696
72 2810713
121 2997646
98 3299756
85 3300587
85 3300587
135 3356154
43 3363792
152 3374953
139 3451178
185 3475029
192 3845827
198 4204151
42 4228672
185 4254399
148 4299358
185 4326314
115 4347623
129 4365133
139 4438441
198 4487235
65 4545173
156 4578749
198 4623500
198 4623500
198 4626364
195 4634169
157 4643761
157 4643761
141 4682053
184 4737814
46 4755319
40 4764134
40 4764151
100 4792403
198 4793036
157 4804170
65 4826171
161 4829441
161 4829441
30 4835201
139 4842993
62 4856073
7 4903206
192 4905094
99 4924902
98 4947707
176 4966778
12 5003461
34 5023351
133 5034185
112 5061041
34 5333002
128 5348918
166 5363308
110 5405465
32 5420538
72 5451068
46 5451672
15 5456118
184 5494470
79 5543183
7 5596312
130 5611407
72 5625785
72 5625785
68 5628432
182 5643824
32 5643944
32 5646425
192 5656682
106 5665661
85 5693175
17 5700701
198 5707104
108 5717619
96 5719281
113 5734299
21 5738786
138 5748010
46 5813483
191 5864956
34 5922895
13 5951966
170 5966807
147 6025385
79 6079896
46 6097829
192 6142401
161 6217552
110 6262730
189 6330544
3 6349855
117 6354020
161 6403539
109 6427409
141 6579777
141 6596880
139 6702831
139 7068523
139 7068540
34 7133596
192 7181812
192 7181812
186 7376508
92 7385316
138 7431434
67 7498161
170 7624573
170 7624573
51 7628808
5 7636158
116 7690643
130 7904628
46 7915129
15 7960689
84 7986824
139 8066894
113 8067646
36 8070539
161 8072384
133 8090425
57 8110412
110 8127461
5 8211714
198 8253824
16 8283096
170 8322328
152 8332059
72 8366471
72 8407413
163 8759773
156 8766091
184 8768174
32 8794393
201 8873586
25 8878169
141 8896101
88 9037415
88 9037415
105 9055636
128 9082789
128 9165348
84 9201260
84 9205133
46 9256662
84 9340303
25 9360663
198 9527281
161 9582384
141 9933594
129 9981984
75 9982990
51 10084254
16 10090796
16 10156753
40 10390085
154 10628596
30 10646481
118 10668112
175 10684691
37 10795201
98 10898233
45 10899484
46 10954239
139 11066092
152 11109453
17 11123710
5 11127760
101 11220783
55 11294929
157 11300612
72 11334754
198 11408673
24 11409518
108 11501719
58 11518642
127 11528453
65 11606760
201 11606988
176 11620036
108 11620085
13 11630683
43 11637533
43 11638708
122 11643154
75 11652395
13 11676965
34 11707620
57 11798076
157 11924299
180 11971894
110 11981035
110 11981035
5 11983382
157 11990368
71 12021633
7 12028981
38 12029725
5 12080512
71 12113291
198 12117781
131 12121250
20 12158465
45 12191298
108 12214537
139 12230325
164 12241453
24 12259649
20 12336281
20 12336298
166 12361985
139 12494159
13 12585676
147 12687480
8 12780340
8 12780357
46 13012475
163 13019905
100 13031300
69 13058974
100 13101686
58 13195820
198 13204334
76 13252555
163 13259107
192 13271130
16 13280686
163 13335107
29 13345600
16 13352007
28 13398210
156 13537329
157 13616009
42 13731589
32 13789636
175 13826198
175 13827428
35 14094728
16 14215470
16 14215470
192 14273359
46 14286683
98 14408597
36 14418982
184 14467498
114 14473112
28 14539790
28 14539807
7 14556268
170 14556942
13 14569437
107 14578414
60 14612407
138 14702371
140 14968334
192 15033368
72 15279727
137 15476570
72 15575460
42 15588135
99 15588207
65 15653836
183 15660584
51 15672470
195 15677898
136 15686751
166 15703733
166 15704725
125 15707457
152 15722976
170 15788956
176 15817879
189 15884713
180 15940259
141 15983181
141 15983198
118 16077343
118 16169403
192 16206278
198 16253483
198 16260994
65 16340261
46 16392222
116 16550752
193 16559553
139 16616124
118 16650774
118 16651890
57 16659780
58 16689366
122 16711248
105 16719407
191 16725421
13 16960755
156 16996282
139 17096498
175 17152055
175 17154808
130 17191862
45 17375921
16 17421834
13 17424129
152 17464685
13 17554876
73 17624167
198 17672275
2 17709495
84 17757054
161 17847734
161 18006925
198 18039818
46 18042475
118 18104897
130 18147750
13 18207060
156 18221184
15 18252900
139 18431334
139 18431334
139 18469253
112 18478721
192 18509174
192 18727929
139 18729438
192 18737116
192 18813660
184 18819372
184 18821667
175 18840693
157 18856201
157 18914391
157 18914408
46 18934341
85 18949072
112 18977447
112 18977464
99 18980399
66 18995203
66 18997017
85 19154362
45 19292914
157 19416327
157 19507382
157 19507382
198 19668999
139 19695061
54 19802955
138 19880737
152 19895332
144 19906352
113 19943078
16 19969060
40 20006699
161 20014348
138 20063268
99 20063612
72 20108931
65 20163205
176 20169946
46 20209564
46 20209581
85 20267081
190 20267142
45 20274923
45 20276492
198 20281343
141 20292528
141 20294682
108 20312572
108 20312572
153 20324075
152 20328934
104 20331492
13 20336072
164 20420461
164 20420461
164 20507442
152 20520971
152 20523731
32 20682427
32 20711680
56 20728434
129 20876684
24 20914240
74 20958819
54 21043676
157 21105298
51 21126952
12 21181716
190 21204191
139 21222190
85 21248823
198 21251848
198 21363952
140 21398719
56 21423346
136 21427163
36 21555311
57 21657223
51 21658645
75 21713178
112 21722604
27 21741034
85 21748202
85 21748640
85 21748657
118 21758987
138 21766832
68 21773182
179 21821716
179 21821733
112 21843554
16 21862163
108 21953594
122 21965389
19 21988058
121 22034780
87 22048248
127 22055117
183 22065928
29 22066132
141 22074006
100 22084253
32 22084719
75 22087737
173 22109675
32 22111817
201 22122148
161 22129891
34 22273069
16 22301216
79 22303669
34 22348027
22 22661057
51 22682855
181 22711323
34 22734270
136 22750638
138 22756167
192 22760102
95 22769614
192 22795851
58 22802163
58 22802180
34 22862335
33 22904504
105 22925447
147 23210441
130 23217035
163 23352592
119 23490236
36 23508530
119 23516869
66 23817541
138 23819901
198 23992468
141 24258764
198 24274056
157 24287463
85 24397463
65 24547317
13 24626331
138 24733160
112 24768814
25 24779242
139 24796881
85 24972752
112 25019892
83 25023572
163 25102153
163 25102153
22 25200131
160 25205105
75 25232666
144 25250406
166 25258191
68 25264028
71 25326758
141 25343437
54 25437319
129 25532083
7 25555252
92 25658471
98 25705016
37 25733797
98 25734185
122 25737438
138 25740970
57 25777692
21 25827200
21 25827200
198 25897477
34 25946928
139 26060832
136 26132886
147 26148477
16 26151312
136 26160802
93 26170338
112 26178008
112 26180346
139 26197585
25 26204624
25 26207024
43 26212876
119 26243597
125 26245817
34 26290866
34 26290866
151 26337593
202 26387704
51 26428440
198 26430624
99 26432023
71 26456304
7 26471897
76 26555622
25 26567621
195 26606054
136 26615597
192 26669250
133 26694542
133 26696812
75 26720770
99 26738772
108 26771242
191 26781157
191 26781157
127 26815671
157 26836883
65 26889747
22 26920286
65 26927769
7 26929066
195 26938890
79 27002921
29 27022252
139 27090890
163 27177547
23 27227355
613 
24 1
89245 139 273
123 1
373719 75 120
198 1
559608 16 26
222 1
632583 138 43
233 1
698403 32 118
241 1
723556 16 184
261 1
781196 161 623
267 1
799128 32 302
278 1
828173 111 238
300 1
873538 141 500
320 1
899350 34 609
321 1
901136 34 609
324 1
906123 5 609
325 1
909729 85 609
341 1
946611 198 47
342 1
957007 2 47
344 1
964762 156 390
382 1
1036847 16 197
383 1
1037764 83 493
385 1
1049276 100 463
395 1
1078281 156 289
416 1
1111931 140 214
447 1
1196055 157 261
466 1
1260853 32 84
470 1
1269872 156 506
489 1
1381096 40 4
504 1
1417241 181 539
506 1
1419955 144 324
512 1
1438081 75 339
560 1
1588599 139 607
561 1
1595577 28 627
578 1
1631475 156 538
584 1
1641428 156 541
588 1
1658190 114 342
601 1
1679543 75 225
614 1
1723213 192 397
645 1
1781441 65 554
651 1
1788225 32 649
663 1
1827804 46 202
686 1
1866410 75 456
691 1
1882765 117 456
694 1
1892859 138 598
748 1
2083114 202 104
749 1
2084734 120 104
750 1
2085948 192 635
760 1
2121582 79 367
762 1
2124089 146 54
763 1
2125265 146 54
774 1
2187028 25 318
775 1
2189504 25 318
779 1
2205228 25 284
784 1
2225190 21 192
826 1
2320955 99 584
829 1
2327380 164 584
844 1
2354080 89 465
850 1
2361966 37 336
861 1
2379529 164 542
865 1
2388811 36 656
877 1
2409210 157 123
914 1
2532310 60 503
921 1
2546916 169 341
934 1
2587160 58 14
936 1
2594761 140 402
955 1
2639483 157 33
958 1
2649679 184 285
960 1
2658618 15 311
971 1
2697803 195 167
973 1
2698916 118 613
978 1
2715396 111 600
998 1
2763987 190 119
1012 1
2792138 133 316
1013 1
2792138 133 316
1037 1
2810696 72 411
1038 1
2810713 72 411
1108 1
2997646 121 81
1243 1
3299756 98 242
1246 1
3300587 85 55
1247 1
3300587 85 55
1255 1
3356154 135 376
1256 1
3363792 43 346
1259 1
3374953 152 397
1282 1
3451178 139 357
1291 1
3475029 185 311
1372 1
3845827 192 555
1464 1
4204151 198 337
1474 1
4228672 42 508
1477 1
4254399 185 435
1495 1
4299358 148 516
1504 1
4326314 185 665
1511 1
4347623 115 263
1519 1
4365133 129 367
1544 1
4438441 139 229
1555 1
4487235 198 602
1588 1
4545173 65 420
1602 1
4578749 156 597
1618 1
4623500 198 426
1619 1
4623500 198 426
1621 1
4626364 198 426
1624 1
4634169 195 429
1626 1
4643761 157 254
1627 1
4643761 157 254
1645 1
4682053 141 362
1675 1
4737814 184 147
1683 1
4755319 46 238
1690 1
4764134 40 101
1692 1
4764151 40 101
1709 1
4792403 100 207
1710 1
4793036 198 28
1718 1
4804170 157 346
1726 1
4826171 65 460
1729 1
4829441 161 58
1730 1
4829441 161 58
1734 1
4835201 30 375
1738 1
4842993 139 295
1751 1
4856073 62 423
1761 1
4903206 7 390
1762 1
4905094 192 94
1768 1
4924902 99 623
1780 1
4947707 98 331
1782 1
4966778 176 320
1788 1
5003461 12 584
1792 1
5023351 34 412
1795 1
5034185 133 412
1797 1
5061041 112 501
1857 1
5333002 34 263
1866 1
5348918 128 29
1873 1
5363308 166 116
1895 1
5405465 110 116
1908 1
5420538 32 408
1923 1
5451068 72 512
1924 1
5451672 46 520
1932 1
5456118 15 612
1951 1
5494470 184 187
1974 1
5543183 79 14
1993 1
5596312 7 346
2005 1
5611407 130 412
2015 1
5625785 72 412
2017 1
5625785 72 412
2020 1
5628432 68 158
2031 1
5643824 182 40
2032 1
5643944 32 639
2036 1
5646425 32 639
2044 1
5656682 192 460
2050 1
5665661 106 154
2068 1
5693175 85 138
2077 1
5700701 17 582
2081 1
5707104 198 19
2089 1
5717619 108 435
2090 1
5719281 96 435
2100 1
5734299 113 436
2101 1
5738786 21 597
2102 1
5748010 138 576
2139 1
5813483 46 73
2160 1
5864956 191 663
2188 1
5922895 34 378
2195 1
5951966 13 606
2204 1
5966807 170 663
2224 1
6025385 147 634
2235 1
6079896 79 59
2244 1
6097829 46 349
2267 1
6142401 192 315
2304 1
6217552 161 447
2325 1
6262730 110 399
2354 1
6330544 189 628
2365 1
6349855 3 457
2366 1
6354020 117 582
2392 1
6403539 161 290
2411 1
6427409 109 488
2465 1
6579777 141 564
2469 1
6596880 141 599
2488 1
6702831 139 527
2572 1
7068523 139 84
2573 1
7068540 139 84
2599 1
7133596 34 242
2613 1
7181812 192 312
2614 1
7181812 192 312
2679 1
7376508 186 621
2682 1
7385316 92 230
2692 1
7431434 138 678
2706 1
7498161 67 438
2737 1
7624573 170 113
2738 1
7624573 170 113
2740 1
7628808 51 113
2742 1
7636158 5 63
2753 1
7690643 116 476
2832 1
7904628 130 422
2834 1
7915129 46 487
2844 1
7960689 15 138
2849 1
7986824 84 528
2863 1
8066894 139 531
2866 1
8067646 113 531
2867 1
8070539 36 378
2868 1
8072384 161 531
2870 1
8090425 133 253
2875 1
8110412 57 572
2880 1
8127461 110 398
2909 1
8211714 5 195
2915 1
8253824 198 417
2924 1
8283096 16 223
2930 1
8322328 170 595
2933 1
8332059 152 583
2953 1
8366471 72 489
2961 1
8407413 72 661
3071 1
8759773 163 172
3075 1
8766091 156 577
3077 1
8768174 184 182
3093 1
8794393 32 291
3118 1
8873586 201 525
3119 1
8878169 25 318
3126 1
8896101 141 38
3151 1
9037415 88 117
3152 1
9037415 88 117
3157 1
9055636 105 124
3169 1
9082789 128 524
3188 1
9165348 128 338
3203 1
9201260 84 650
3204 1
9205133 84 650
3212 1
9256662 46 86
3233 1
9340303 84 620
3241 1
9360663 25 496
3294 1
9527281 198 655
3314 1
9582384 161 488
3426 1
9933594 141 390
3445 1
9981984 129 493
3446 1
9982990 75 180
3470 1
10084254 51 54
3472 1
10090796 16 4
3484 1
10156753 16 269
3535 1
10390085 40 253
3610 1
10628596 154 450
3616 1
10646481 30 50
3622 1
10668112 118 315
3627 1
10684691 175 245
3661 1
10795201 37 610
3707 1
10898233 98 192
3708 1
10899484 45 192
3738 1
10954239 46 406
3798 1
11066092 139 89
3812 1
11109453 152 85
3822 1
11123710 17 466
3824 1
11127760 5 466
3854 1
11220783 101 566
3879 1
11294929 55 329
3881 1
11300612 157 16
3898 1
11334754 72 603
3950 1
11408673 198 278
3951 1
11409518 24 270
3995 1
11501719 108 219
4001 1
11518642 58 390
4005 1
11528453 127 516
4030 1
11606760 65 152
4031 1
11606988 201 351
4035 1
11620036 176 102
4037 1
11620085 108 102
4046 1
11630683 13 161
4048 1
11637533 43 130
4049 1
11638708 43 130
4053 1
11643154 122 560
4056 1
11652395 75 430
4066 1
11676965 13 275
4076 1
11707620 34 649
4095 1
11798076 57 566
4145 1
11924299 157 295
4164 1
11971894 180 338
4168 1
11981035 110 421
4169 1
11981035 110 421
4171 1
11983382 5 539
4176 1
11990368 157 172
4184 1
12021633 71 547
4185 1
12028981 7 421
4191 1
12029725 38 344
4211 1
12080512 5 98
4229 1
12113291 71 148
4231 1
12117781 198 615
4232 1
12121250 131 437
4249 1
12158465 20 663
4257 1
12191298 45 580
4266 1
12214537 108 136
4273 1
12230325 139 542
4278 1
12241453 164 142
4289 1
12259649 24 15
4323 1
12336281 20 299
4324 1
12336298 20 299
4337 1
12361985 166 271
4381 1
12494159 139 322
4407 1
12585676 13 627
4442 1
12687480 147 10
4481 1
12780340 8 385
4482 1
12780357 8 385
4583 1
13012475 46 195
4586 1
13019905 163 198
4591 1
13031300 100 125
4599 1
13058974 69 282
4617 1
13101686 100 557
4667 1
13195820 58 453
4671 1
13204334 198 589
4696 1
13252555 76 633
4701 1
13259107 163 8
4707 1
13271130 192 187
4714 1
13280686 16 269
4726 1
13335107 163 358
4728 1
13345600 29 20
4731 1
13352007 16 217
4740 1
13398210 28 46
4800 1
13537329 156 408
4826 1
13616009 157 670
4836 1
13731589 42 675
4843 1
13789636 32 574
4851 1
13826198 175 571
4852 1
13827428 175 571
4875 1
14094728 35 632
4889 1
14215470 16 12
4891 1
14215470 16 12
4906 1
14273359 192 108
4913 1
14286683 46 459
4925 1
14408597 98 236
4927 1
14418982 36 294
4939 1
14467498 184 376
4941 1
14473112 114 267
4957 1
14539790 28 619
4958 1
14539807 28 619
4965 1
14556268 7 249
4966 1
14556942 170 249
4972 1
14569437 13 302
4974 1
14578414 107 402
4983 1
14612407 60 509
4995 1
14702371 138 584
5027 1
14968334 140 412
5035 1
15033368 192 517
5065 1
15279727 72 293
5103 1
15476570 137 72
5141 1
15575460 72 614
5145 1
15588135 42 145
5146 1
15588207 99 383
5173 1
15653836 65 577
5175 1
15660584 183 665
5176 1
15672470 51 342
5178 1
15677898 195 522
5179 1
15686751 136 532
5181 1
15703733 166 294
5182 1
15704725 166 294
5185 1
15707457 125 152
5190 1
15722976 152 223
5199 1
15788956 170 609
5212 1
15817879 176 552
5219 1
15884713 189 428
5230 1
15940259 180 515
5240 1
15983181 141 533
5241 1
15983198 141 533
5252 1
16077343 118 553
5272 1
16169403 118 492
5282 1
16206278 192 367
5288 1
16253483 198 116
5291 1
16260994 198 633
5312 1
16340261 65 94
5328 1
16392222 46 303
5351 1
16550752 116 342
5352 1
16559553 193 456
5357 1
16616124 139 280
5368 1
16650774 118 57
5370 1
16651890 118 57
5374 1
16659780 57 162
5385 1
16689366 58 633
5401 1
16711248 122 273
5402 1
16719407 105 273
5405 1
16725421 191 549
5445 1
16960755 13 18
5455 1
16996282 156 50
5487 1
17096498 139 145
5504 1
17152055 175 253
5506 1
17154808 175 253
5512 1
17191862 130 412
5547 1
17375921 45 598
5564 1
17421834 16 421
5565 1
17424129 13 355
5566 1
17464685 152 574
5582 1
17554876 13 386
5595 1
17624167 73 337
5602 1
17672275 198 626
5617 1
17709495 2 355
5622 1
17757054 84 647
5631 1
17847734 161 622
5673 1
18006925 161 387
5682 1
18039818 198 41
5683 1
18042475 46 522
5693 1
18104897 118 39
5703 1
18147750 130 475
5712 1
18207060 13 129
5715 1
18221184 156 464
5719 1
18252900 15 334
5734 1
18431334 139 507
5736 1
18431334 139 507
5738 1
18469253 139 376
5741 1
18478721 112 376
5746 1
18509174 192 291
5773 1
18727929 192 249
5775 1
18729438 139 68
5777 1
18737116 192 244
5790 1
18813660 192 30
5791 1
18819372 184 517
5792 1
18821667 184 517
5793 1
18840693 175 299
5795 1
18856201 157 463
5801 1
18914391 157 216
5802 1
18914408 157 216
5806 1
18934341 46 283
5809 1
18949072 85 662
5811 1
18977447 112 298
5813 1
18977464 112 298
5817 1
18980399 99 476
5822 1
18995203 66 578
5823 1
18997017 66 578
5849 1
19154362 85 371
5870 1
19292914 45 130
5884 1
19416327 157 137
5893 1
19507382 157 72
5894 1
19507382 157 72
5904 1
19668999 198 237
5913 1
19695061 139 53
5934 1
19802955 54 309
5957 1
19880737 138 422
5961 1
19895332 152 501
5966 1
19906352 144 371
5981 1
19943078 113 311
5992 1
19969060 16 629
6005 1
20006699 40 637
6008 1
20014348 161 668
6022 1
20063268 138 160
6023 1
20063612 99 623
6033 1
20108931 72 17
6048 1
20163205 65 103
6049 1
20169946 176 463
6054 1
20209564 46 499
6055 1
20209581 46 499
6068 1
20267081 85 154
6069 1
20267142 190 154
6071 1
20274923 45 79
6072 1
20276492 45 79
6075 1
20281343 198 83
6077 1
20292528 141 360
6078 1
20294682 141 360
6084 1
20312572 108 396
6085 1
20312572 108 396
6088 1
20324075 153 61
6095 1
20328934 152 516
6096 1
20331492 104 516
6098 1
20336072 13 126
6111 1
20420461 164 253
6112 1
20420461 164 253
6122 1
20507442 164 516
6124 1
20520971 152 512
6125 1
20523731 152 512
6153 1
20682427 32 24
6157 1
20711680 32 583
6161 1
20728434 56 557
6191 1
20876684 129 33
6199 1
20914240 24 221
6210 1
20958819 74 444
6234 1
21043676 54 303
6252 1
21105298 157 167
6259 1
21126952 51 650
6277 1
21181716 12 560
6286 1
21204191 190 350
6288 1
21222190 139 351
6296 1
21248823 85 351
6299 1
21251848 198 197
6315 1
21363952 198 338
6326 1
21398719 140 545
6329 1
21423346 56 242
6330 1
21427163 136 527
6359 1
21555311 36 469
6383 1
21657223 57 53
6385 1
21658645 51 629
6403 1
21713178 75 342
6405 1
21722604 112 342
6407 1
21741034 27 678
6409 1
21748202 85 179
6410 1
21748640 85 179
6411 1
21748657 85 179
6413 1
21758987 118 560
6414 1
21766832 138 488
6415 1
21773182 68 449
6421 1
21821716 179 615
6422 1
21821733 179 615
6427 1
21843554 112 405
6436 1
21862163 16 94
6460 1
21953594 108 123
6470 1
21965389 122 511
6486 1
21988058 19 356
6504 1
22034780 121 252
6512 1
22048248 87 169
6514 1
22055117 127 306
6520 1
22065928 183 599
6521 1
22066132 29 545
6524 1
22074006 141 601
6527 1
22084253 100 19
6528 1
22084719 32 602
6531 1
22087737 75 219
6537 1
22109675 173 523
6543 1
22111817 32 116
6544 1
22122148 201 332
6549 1
22129891 161 25
6574 1
22273069 34 205
6580 1
22301216 16 222
6581 1
22303669 79 662
6583 1
22348027 34 620
6651 1
22661057 22 337
6665 1
22682855 51 638
6673 1
22711323 181 286
6675 1
22734270 34 242
6678 1
22750638 136 242
6681 1
22756167 138 410
6682 1
22760102 192 595
6684 1
22769614 95 69
6690 1
22795851 192 208
6691 1
22802163 58 68
6692 1
22802180 58 68
6698 1
22862335 34 537
6704 1
22904504 33 53
6709 1
22925447 105 393
6742 1
23210441 147 611
6743 1
23217035 130 128
6755 1
23352592 163 439
6763 1
23490236 119 31
6764 1
23508530 36 338
6768 1
23516869 119 122
6802 1
23817541 66 587
6804 1
23819901 138 358
6819 1
23992468 198 91
6858 1
24258764 141 77
6860 1
24274056 198 342
6865 1
24287463 157 295
6883 1
24397463 85 655
6920 1
24547317 65 207
6940 1
24626331 13 222
6961 1
24733160 138 357
6971 1
24768814 112 112
6972 1
24779242 25 111
6974 1
24796881 139 574
6994 1
24972752 85 95
7007 1
25019892 112 439
7009 1
25023572 83 227
7024 1
25102153 163 383
7025 1
25102153 163 383
7050 1
25200131 22 449
7053 1
25205105 160 449
7058 1
25232666 75 234
7062 1
25250406 144 136
7063 1
25258191 166 72
7066 1
25264028 68 397
7071 1
25326758 71 336
7073 1
25343437 141 86
7087 1
25437319 54 12
7102 1
25532083 129 586
7107 1
25555252 7 313
7124 1
25658471 92 185
7135 1
25705016 98 626
7144 1
25733797 37 500
7146 1
25734185 98 254
7147 1
25737438 122 136
7149 1
25740970 138 13
7154 1
25777692 57 348
7159 1
25827200 21 342
7160 1
25827200 21 342
7178 1
25897477 198 537
7195 1
25946928 34 433
7222 1
26060832 139 439
7247 1
26132886 136 672
7258 1
26148477 147 405
7259 1
26151312 16 236
7262 1
26160802 136 650
7269 1
26170338 93 594
7271 1
26178008 112 565
7273 1
26180346 112 565
7281 1
26197585 139 90
7287 1
26204624 25 149
7288 1
26207024 25 149
7290 1
26212876 43 125
7303 1
26243597 119 296
7304 1
26245817 125 475
7320 1
26290866 34 208
7321 1
26290866 34 208
7332 1
26337593 151 457
7353 1
26387704 202 467
7369 1
26428440 51 236
7372 1
26430624 198 368
7378 1
26432023 99 38
7387 1
26456304 71 518
7394 1
26471897 7 527
7413 1
26555622 76 583
7415 1
26567621 25 537
7420 1
26606054 195 492
7425 1
26615597 136 621
7444 1
26669250 192 311
7453 1
26694542 133 538
7454 1
26696812 133 538
7462 1
26720770 75 329
7470 1
26738772 99 382
7479 1
26771242 108 180
7481 1
26781157 191 205
7482 1
26781157 191 205
7493 1
26815671 127 451
7505 1
26836883 157 285
7518 1
26889747 65 204
7525 1
26920286 22 320
7529 1
26927769 65 240
7530 1
26929066 7 320
7533 1
26938890 195 311
7544 1
27002921 79 297
7555 1
27022252 29 668
7568 1
27090890 139 68
7577 1
27177547 163 595
7585 1
27227355 23 641
5365258 
