14 
4 91
4 33
3 457
3 1019
8 1271
8 1372
8 1328
8 1284
3 1332
8 1955
8 1911
5 2037
5 2108
5 2066
12 
1 1
33 4 43
4 1
457 3 25
5 1
457 3 15
10 1
1019 3 33
12 1
1271 8 4
13 1
1284 8 4
14 1
1332 3 25
16 1
1911 8 21
17 1
1955 8 43
18 1
1955 8 43
19 1
2037 5 21
20 1
2066 5 21
2995 
47 
3 37
2 37
2 191
4 250
4 194
3 319
7 480
7 440
7 400
7 360
2 366
4 409
7 641
7 601
7 561
7 521
3 695
3 750
3 707
4 2332
4 2276
4 2220
4 2164
4 2108
4 2052
4 1996
4 1940
4 1884
4 1828
4 1772
4 1716
4 1660
4 1604
4 1548
4 1492
4 1436
6 2830
6 2786
6 2742
6 2698
6 2654
6 2610
6 2566
6 2522
6 2478
6 2434
6 2390
13 
1 1
37 3 24
3 1
37 2 31
5 1
191 2 27
6 1
194 4 18
7 1
319 3 22
10 1
360 7 21
11 1
366 2 20
12 1
409 4 37
14 1
521 7 41
15 1
695 3 28
16 1
707 3 10
19 1
1436 4 25
20 1
2390 6 28
5718 
