6 
5 7054
52 8651
52 9486
14 9681
14 11322
14 14053
6 
91 1
7054 5 57
103 1
8651 52 22
120 1
9486 52 72
128 1
9681 14 21
168 1
11322 14 37
180 1
14053 14 85
1587 
15 
19 239
8 687
8 822
19 1277
58 3949
38 4839
19 5609
26 5630
20 6482
20 6482
38 6930
38 6930
8 6931
34 7967
53 8171
15 
4 1
239 19 61
13 1
687 8 62
15 1
822 8 11
24 1
1277 19 45
78 1
3949 58 54
87 1
4839 38 71
109 1
5609 19 4
111 1
5630 26 21
123 1
6482 20 71
124 1
6482 20 71
130 1
6930 38 7
131 1
6930 38 7
132 1
6931 8 35
141 1
7967 34 8
143 1
8171 53 4
-254 
24 
1 2946
29 3021
41 3225
46 3273
1 3325
34 4363
41 6134
41 8160
41 8355
9 11248
62 11357
16 12057
49 12064
41 13849
1 15738
1 15764
16 16037
16 16075
16 16075
48 20256
48 20256
16 20774
5 21362
33 22552
24 
16 1
2946 1 17
18 1
3021 29 17
23 1
3225 41 44
24 1
3273 46 16
25 1
3325 1 63
35 1
4363 34 45
50 1
6134 41 44
76 1
8160 41 43
80 1
8355 41 33
94 1
11248 9 68
95 1
11357 62 7
105 1
12057 16 7
106 1
12064 49 80
115 1
13849 41 14
121 1
15738 1 1
122 1
15764 1 1
127 1
16037 16 6
129 1
16075 16 6
130 1
16075 16 6
166 1
20256 48 80
167 1
20256 48 80
172 1
20774 16 12
174 1
21362 5 13
179 1
22552 33 68
4615 
13 
1 2468
41 2854
41 2959
60 3141
32 7117
32 7120
15 7397
59 10485
2 10835
1 11162
1 11869
59 13187
1 15175
13 
26 1
2468 1 79
34 1
2854 41 70
36 1
2959 41 7
37 1
3141 60 54
81 1
7117 32 101
82 1
7120 32 101
84 1
7397 15 86
133 1
10485 59 135
142 1
10835 2 93
153 1
11162 1 34
176 1
11869 1 16
201 1
13187 59 135
223 1
15175 1 132
4622 
26 
3 4339
43 4586
47 5482
6 5778
3 6016
65 6026
3 6358
33 6548
3 6598
3 6606
6 6940
33 8057
9 8151
47 9248
51 10311
51 12547
23 12804
26 14938
52 15399
47 15765
9 15793
3 16118
19 16253
9 22140
23 23861
61 24483
26 
46 1
4339 3 79
47 1
4586 43 106
50 1
5482 47 77
56 1
5778 6 71
59 1
6016 3 1
60 1
6026 65 1
64 1
6358 3 18
68 1
6548 33 108
70 1
6598 3 63
71 1
6606 3 63
76 1
6940 6 71
99 1
8057 33 89
101 1
8151 9 97
111 1
9248 47 105
127 1
10311 51 21
144 1
12547 51 74
151 1
12804 23 105
176 1
14938 26 36
180 1
15399 52 124
182 1
15765 47 11
183 1
15793 9 102
189 1
16118 3 4
190 1
16253 19 58
244 1
22140 9 94
262 1
23861 23 46
266 1
24483 61 50
12320 
